[{"energy": -1.90885558, "elasticity": {"elastic_tensor": [[15.0, 13.0, 13.0, 0.0, 0.0, 0.0], [13.0, 15.0, 13.0, 0.0, 0.0, 0.0], [13.0, 13.0, 15.0, 0.0, 0.0, 0.0], [0.0, 0.0, 0.0, 11.0, 0.0, 0.0], [0.0, 0.0, 0.0, 0.0, 11.0, 0.0], [0.0, 0.0, 0.0, 0.0, 0.0, 11.0]], "compliance_tensor": [[374.8, -175.5, -175.5, 0.0, 0.0, -0.0], [-175.5, 374.8, -175.5, 0.0, 0.0, 0.0], [-175.5, -175.5, 374.8, 0.0, 0.0, 0.0], [0.0, 0.0, 0.0, 91.2, -0.0, 0.0], [0.0, 0.0, 0.0, -0.0, 91.2, 0.0], [-0.0, 0.0, 0.0, 0.0, 0.0, 91.2]], "G_Voigt_Reuss_Hill": 4.0, "G_Reuss": 2.0, "elastic_tensor_original": [[15.224340903232463, 13.407031918520497, 13.407356000647528, 0.0, 0.0, 0.0], [13.407162217562567, 15.224103156819787, 13.407356000647528, 0.0, 0.0, 0.0], [13.407162217562567, 13.407031918520497, 15.224348427065136, 0.0, 0.0, 0.0], [0.0, 0.0, 0.0, 10.961194996666668, 0.0, 0.0], [0.0, 0.0, 0.0, 0.0, 10.961206276666667, 0.0], [0.0, 0.0, 0.0, 0.0, 0.0, 10.961203593333336]], "K_Voigt_Reuss_Hill": 14.0, "K_Reuss": 14.0, "universal_anisotropy": 12.18, "K_VRH": 14.0, "elastic_tensor_orig_symmetrized": [[15.224264162372457, 13.407183378910187, 13.407183378910194, 8.209532105281988e-16, 9.322173187911595e-16, -2.1633132586745207e-15], [13.407183378910187, 15.224264162372442, 13.407183378910183, 9.322173187911597e-16, 8.209532105281989e-16, -9.322173187911599e-16], [13.407183378910194, 13.407183378910183, 15.224264162372442, 2.1633132586745207e-15, 2.1633132586745207e-15, -8.209532105281989e-16], [8.209532105281988e-16, 9.322173187911597e-16, 2.1633132586745207e-15, 10.961201622222225, -6.711800240731611e-16, 6.711800240731613e-16], [9.322173187911595e-16, 8.209532105281989e-16, 2.1633132586745207e-15, -6.711800240731611e-16, 10.961201622222225, 6.71180024073161e-16], [-2.1633132586745207e-15, -9.322173187911599e-16, -8.209532105281989e-16, 6.711800240731613e-16, 6.71180024073161e-16, 10.961201622222227]], "state": "successful", "G_VRH": 4.0, "homogeneous_poisson": 0.36, "K_Voigt": 14.0, "warnings": null, "poisson_ratio": 0.36, "G_Voigt": 7.0, "elastic_anisotropy": 12.18}, "unit_cell_formula": {"Li": 1.0}, "hubbards": {}, "energy_per_atom": -1.90885558, "band_gap": 0.0, "density": 0.5728333436249405, "incar": null, "kpoints": null, "nsites": 1, "icsd_id": 151210, "conventional_lattice": [[3.426817189703748, 0.0, 2.0983203513169116e-16], [-2.0983203513169116e-16, 3.426817189703748, 2.0983203513169116e-16], [0.0, 0.0, 3.426817189703748]], "volrat": 0.25820563208034564, "elements": ["Li"], "pretty_formula": "Li", "volume": 20.120687419703444, "is_hubbard": false, "formation_energy_per_atom": 0.0, "cif": "# generated using pymatgen\ndata_Li\n_symmetry_space_group_name_H-M   'P 1'\n_cell_length_a   2.96771074\n_cell_length_b   2.96771074\n_cell_length_c   2.96771074\n_cell_angle_alpha   109.47122058\n_cell_angle_beta   109.47122056\n_cell_angle_gamma   109.47122073\n_symmetry_Int_Tables_number   1\n_chemical_formula_structural   Li\n_chemical_formula_sum   Li1\n_cell_volume   20.1206874197\n_cell_formula_units_Z   1\nloop_\n _symmetry_equiv_pos_site_id\n _symmetry_equiv_pos_as_xyz\n  1  'x, y, z'\nloop_\n _atom_site_type_symbol\n _atom_site_label\n _atom_site_symmetry_multiplicity\n _atom_site_fract_x\n _atom_site_fract_y\n _atom_site_fract_z\n _atom_site_occupancy\n  Li  Li1  1  0.000000  0.000000  0.000000  1\n", "task_id": "mp-135", "nelements": 1, "e_above_hull": 0, "is_compatible": true, "coord": 10.1606096873118, "potcar": null, "lengths_and_angles": [[3.426817189703748, 3.426817189703748, 3.426817189703748], [90.0, 90.0, 90.0]], "dos": {"GGA": {"oid": "56a9eafdc9fc50299616face", "fs_id": "56a92943f496093458b7e5f0", "task_id": "mp-990459"}}}, {"energy": -3.811128, "elasticity": {"elastic_tensor": [[22.0, 11.0, 8.0, 0.0, 0.0, 0.0], [11.0, 22.0, 8.0, 0.0, 0.0, 0.0], [8.0, 8.0, 26.0, 0.0, 0.0, 0.0], [0.0, 0.0, 0.0, 6.0, 0.0, 0.0], [0.0, 0.0, 0.0, 0.0, 6.0, 0.0], [0.0, 0.0, 0.0, 0.0, 0.0, 5.0]], "compliance_tensor": [[63.8, -28.2, -11.2, 0.0, 0.0, -0.0], [-28.2, 63.8, -11.2, 0.0, 0.0, -0.0], [-11.2, -11.2, 45.8, 0.0, 0.0, 0.0], [0.0, 0.0, 0.0, 176.4, -0.0, 0.0], [0.0, 0.0, 0.0, -0.0, 176.4, 0.0], [-0.0, -0.0, 0.0, 0.0, 0.0, 184.0]], "G_Voigt_Reuss_Hill": 6.0, "G_Reuss": 6.0, "elastic_tensor_original": [[23.58417462396781, 9.745307110972524, 8.021183479467949, 0.0, 0.0, 0.0], [9.624127238834312, 23.308597940686635, 8.021180839557795, 0.0, 0.0, 0.0], [8.117716137396748, 8.268792669166254, 25.81222388944068, 0.0, 0.0, 0.0], [0.0, 0.0, 0.0, 5.724540803333335, 0.0, 0.0], [0.0, 0.0, 0.0, 0.0, 5.615079023333335, 0.0], [0.0, 0.0, 0.0, 0.0, 0.0, 3.989763090000001]], "K_Voigt_Reuss_Hill": 14.0, "K_Reuss": 14.0, "universal_anisotropy": 0.17, "K_VRH": 14.0, "elastic_tensor_orig_symmetrized": [[22.00085055047127, 11.130252906759374, 8.107218281397188, 0.0, 0.0, -7.401486830834377e-17], [11.130252906759374, 22.00085055047128, 8.107218281397184, 0.0, 0.0, 0.0], [8.107218281397188, 8.107218281397184, 25.81222388944069, 0.0, 0.0, -9.577577999801718e-18], [0.0, 0.0, 0.0, 5.669809913333338, -4.625929269271485e-18, 0.0], [0.0, 0.0, 0.0, -4.625929269271485e-18, 5.669809913333336, 0.0], [-7.401486830834377e-17, 0.0, -9.577577999801718e-18, 0.0, 0.0, 5.435298821855952]], "state": "successful", "G_VRH": 6.0, "homogeneous_poisson": 0.31, "K_Voigt": 14.0, "warnings": null, "poisson_ratio": 0.31, "G_Voigt": 6.0, "elastic_anisotropy": 0.17}, "unit_cell_formula": {"Li": 2.0}, "hubbards": {}, "energy_per_atom": -1.905564, "band_gap": 0.0, "density": 0.5708713562683561, "incar": null, "kpoints": null, "nsites": 2, "icsd_id": 76947, "conventional_lattice": [[1.538769365, -2.6652267213104985, 0.0], [1.538769365, 2.6652267213104985, 0.0], [0.0, 0.0, 4.92294701]], "volrat": 0.3576974524013956, "elements": ["Li"], "pretty_formula": "Li", "volume": 40.37967757220222, "is_hubbard": false, "formation_energy_per_atom": 0.0032915799999999606, "cif": "# generated using pymatgen\ndata_Li\n_symmetry_space_group_name_H-M   'P 1'\n_cell_length_a   3.07753873\n_cell_length_b   3.07753873\n_cell_length_c   4.92294701\n_cell_angle_alpha   90.00000000\n_cell_angle_beta   90.00000000\n_cell_angle_gamma   119.99999993\n_symmetry_Int_Tables_number   1\n_chemical_formula_structural   Li\n_chemical_formula_sum   Li2\n_cell_volume   40.3796775722\n_cell_formula_units_Z   2\nloop_\n _symmetry_equiv_pos_site_id\n _symmetry_equiv_pos_as_xyz\n  1  'x, y, z'\nloop_\n _atom_site_type_symbol\n _atom_site_label\n _atom_site_symmetry_multiplicity\n _atom_site_fract_x\n _atom_site_fract_y\n _atom_site_fract_z\n _atom_site_occupancy\n  Li  Li1  1  0.333333  0.666667  0.250000  1\n  Li  Li2  1  0.666667  0.333333  0.750000  1\n", "task_id": "mp-10173", "nelements": 1, "e_above_hull": 0.0032915799999999606, "is_compatible": true, "coord": 11.690696021928325, "potcar": null, "lengths_and_angles": [[3.07753873, 3.07753873, 4.92294701], [90.0, 90.0, 120.00000000000001]], "dos": {"GGA": {"oid": "56bb30c1643550045783141f", "fs_id": "54ccc9a84b349967206084f5", "task_id": "mp-926188"}}}, {"energy": -13.62745799, "elasticity": {"elastic_tensor": [[46.0, 31.0, 31.0, 0.0, 0.0, 0.0], [31.0, 46.0, 31.0, 0.0, 0.0, 0.0], [31.0, 31.0, 46.0, 0.0, 0.0, 0.0], [0.0, 0.0, 0.0, 33.0, 0.0, 0.0], [0.0, 0.0, 0.0, 0.0, 33.0, 0.0], [0.0, 0.0, 0.0, 0.0, 0.0, 33.0]], "compliance_tensor": [[48.7, -19.7, -19.7, 0.0, 0.0, 0.0], [-19.7, 48.7, -19.7, 0.0, 0.0, 0.0], [-19.7, -19.7, 48.7, 0.0, 0.0, 0.0], [0.0, 0.0, 0.0, 30.0, 0.0, 0.0], [0.0, 0.0, 0.0, 0.0, 30.0, 0.0], [0.0, 0.0, 0.0, 0.0, 0.0, 30.0]], "G_Voigt_Reuss_Hill": 18.0, "G_Reuss": 14.0, "elastic_tensor_original": [[46.22639813756059, 31.334155510700324, 31.339338191597747, 0.0, 0.0, 0.0], [31.490409442471964, 45.89006246529874, 31.339338191597747, 0.0, 0.0, 0.0], [31.490409442471964, 31.334155510700324, 45.88384466259888, 0.0, 0.0, 0.0], [0.0, 0.0, 0.0, 33.29349093666667, 0.0, 0.0], [0.0, 0.0, 0.0, 0.0, 33.29349116, 0.0], [0.0, 0.0, 0.0, 0.0, 0.0, 33.293485986666674]], "K_Voigt_Reuss_Hill": 36.0, "K_Reuss": 36.0, "universal_anisotropy": 3.33, "K_VRH": 36.0, "elastic_tensor_orig_symmetrized": [[46.00010175515274, 31.387967714923263, 31.387967714923256, 1.9219587096910655e-15, 2.8166938687450175e-15, -5.9992352275441814e-15], [31.387967714923263, 46.00010175515275, 31.387967714923256, 2.816693868745019e-15, 1.921958709691066e-15, -2.8166938687450175e-15], [31.387967714923256, 31.387967714923256, 46.00010175515268, 5.9992352275441814e-15, 5.9992352275441846e-15, -1.921958709691066e-15], [1.9219587096910655e-15, 2.816693868745019e-15, 5.9992352275441814e-15, 33.293489361111085, -2.038638258926563e-15, 2.038638258926563e-15], [2.8166938687450175e-15, 1.921958709691066e-15, 5.9992352275441846e-15, -2.038638258926563e-15, 33.2934893611111, 2.038638258926562e-15], [-5.9992352275441814e-15, -2.8166938687450175e-15, -1.921958709691066e-15, 2.038638258926563e-15, 2.038638258926562e-15, 33.293489361111064]], "state": "successful", "G_VRH": 18.0, "homogeneous_poisson": 0.28, "K_Voigt": 36.0, "warnings": null, "poisson_ratio": 0.28, "G_Voigt": 23.0, "elastic_anisotropy": 3.33}, "unit_cell_formula": {"Tc": 1.0, "Li": 3.0}, "hubbards": {}, "energy_per_atom": -3.4068644975, "band_gap": 0.0, "density": 3.3039706117454797, "incar": null, "kpoints": null, "nsites": 4, "icsd_id": null, "conventional_lattice": [[6.204752502355819, 0.0, 3.799315145755792e-16], [-3.799315145755792e-16, 6.204752502355819, 3.799315145755792e-16], [0.0, 0.0, 6.204752502355819]], "volrat": 0.2581988016236679, "elements": ["Li", "Tc"], "pretty_formula": "Li3Tc", "volume": 59.71911962792685, "is_hubbard": false, "formation_energy_per_atom": 0.6144494862499998, "cif": "# generated using pymatgen\ndata_Li3Tc\n_symmetry_space_group_name_H-M   'P 1'\n_cell_length_a   4.38742257\n_cell_length_b   4.38742257\n_cell_length_c   4.38742257\n_cell_angle_alpha   60.00000000\n_cell_angle_beta   60.00000000\n_cell_angle_gamma   60.00000000\n_symmetry_Int_Tables_number   1\n_chemical_formula_structural   Li3Tc\n_chemical_formula_sum   'Li3 Tc1'\n_cell_volume   59.7191196279\n_cell_formula_units_Z   1\nloop_\n _symmetry_equiv_pos_site_id\n _symmetry_equiv_pos_as_xyz\n  1  'x, y, z'\nloop_\n _atom_site_type_symbol\n _atom_site_label\n _atom_site_symmetry_multiplicity\n _atom_site_fract_x\n _atom_site_fract_y\n _atom_site_fract_z\n _atom_site_occupancy\n  Li  Li1  1  0.000000  0.000000  0.000000  1\n  Li  Li2  1  0.500000  0.500000  0.500000  1\n  Li  Li3  1  0.249999  0.249999  0.249999  1\n  Tc  Tc4  1  0.749999  0.749999  0.749999  1\n", "task_id": "mp-976334", "nelements": 2, "e_above_hull": 0.6144494862499998, "is_compatible": true, "coord": 10.160492123798164, "potcar": null, "lengths_and_angles": [[6.204752502355819, 6.204752502355819, 6.204752502355819], [90.0, 90.0, 90.0]], "dos": {"GGA": {"oid": "58b13126dd16a66a79f62a30", "fs_id": "55fb6dfb05bc57075c22bdb6", "task_id": "mp-976504"}}}, {"energy": -104.4465457, "elasticity": {"elastic_tensor": [[72.0, 20.0, 6.0, 0.0, 0.0, 0.0], [20.0, 76.0, -1.0, 0.0, 0.0, 0.0], [6.0, -1.0, 96.0, 0.0, 0.0, 0.0], [0.0, 0.0, 0.0, 20.0, 0.0, 0.0], [0.0, 0.0, 0.0, 0.0, 20.0, 0.0], [0.0, 0.0, 0.0, 0.0, 0.0, 35.0]], "compliance_tensor": [[15.1, -4.0, -0.9, 0.0, 0.0, 0.0], [-4.0, 14.3, 0.3, 0.0, 0.0, 0.0], [-0.9, 0.3, 10.5, 0.0, 0.0, 0.0], [0.0, 0.0, 0.0, 49.7, 0.0, 0.0], [0.0, 0.0, 0.0, 0.0, 48.9, 0.0], [0.0, 0.0, 0.0, 0.0, 0.0, 28.7]], "G_Voigt_Reuss_Hill": 28.0, "G_Reuss": 27.0, "elastic_tensor_original": [[95.76182872826362, 5.548486374864152, -0.4729839589152328, 0.0, 0.0, 0.0], [5.597427837593425, 71.9709786786451, 19.801631313148903, 0.0, 0.0, 0.0], [-0.6078412423930144, 20.270188058017215, 75.51956355858015, 0.0, 0.0, 0.0], [0.0, 0.0, 0.0, 34.894466073333334, 0.0, 0.0], [0.0, 0.0, 0.0, 0.0, 20.13588638666667, 0.0], [0.0, 0.0, 0.0, 0.0, 0.0, 20.451166200000003]], "K_Voigt_Reuss_Hill": 33.0, "K_Reuss": 33.0, "universal_anisotropy": 0.53, "K_VRH": 33.0, "elastic_tensor_orig_symmetrized": [[95.76182872826361, 5.572957106228789, -0.5404126006541237, 3.412452040964289e-16, 5.8637208516282535e-15, -2.8457907266624825e-15], [5.572957106228789, 71.9709786786451, 20.035909685583057, 4.406951433515255e-15, 3.412452040964288e-16, -4.406951433515255e-15], [-0.5404126006541237, 20.035909685583057, 75.51956355858015, 5.500185251689093e-15, 2.4328441530621107e-15, -1.226845633222737e-15], [3.412452040964289e-16, 4.406951433515255e-15, 5.500185251689093e-15, 34.89446607333333, -2.1366698092331784e-15, 1.2522727612830267e-15], [5.8637208516282535e-15, 3.412452040964288e-16, 2.4328441530621107e-15, -2.1366698092331784e-15, 20.13588638666667, 1.2522727612830267e-15], [-2.8457907266624825e-15, -4.406951433515255e-15, -1.226845633222737e-15, 1.2522727612830267e-15, 1.2522727612830267e-15, 20.451166200000003]], "state": "successful", "G_VRH": 28.0, "homogeneous_poisson": 0.16, "K_Voigt": 33.0, "warnings": null, "poisson_ratio": 0.16, "G_Voigt": 30.0, "elastic_anisotropy": 0.53}, "unit_cell_formula": {"Si": 8.0, "Li": 28.0}, "hubbards": {}, "energy_per_atom": -2.901292936111111, "band_gap": 0.056400000000000006, "density": 1.2970635839224876, "incar": null, "kpoints": null, "nsites": 36, "icsd_id": 24600, "conventional_lattice": [[4.46517553, 0.0, 2.734131460222793e-16], [-4.924908469011146e-16, 8.0429859, 4.924908469011146e-16], [0.0, 0.0, 14.937542]], "volrat": 0.15836582077143285, "elements": ["Li", "Si"], "pretty_formula": "Li7Si2", "volume": 536.4570818033652, "is_hubbard": false, "formation_energy_per_atom": -0.21099048722222236, "cif": "# generated using pymatgen\ndata_Li7Si2\n_symmetry_space_group_name_H-M   'P 1'\n_cell_length_a   4.46517553\n_cell_length_b   8.04298590\n_cell_length_c   14.93754200\n_cell_angle_alpha   90.00000000\n_cell_angle_beta   90.00000000\n_cell_angle_gamma   90.00000000\n_symmetry_Int_Tables_number   1\n_chemical_formula_structural   Li7Si2\n_chemical_formula_sum   'Li28 Si8'\n_cell_volume   536.457081803\n_cell_formula_units_Z   4\nloop_\n _symmetry_equiv_pos_site_id\n _symmetry_equiv_pos_as_xyz\n  1  'x, y, z'\nloop_\n _atom_site_type_symbol\n _atom_site_label\n _atom_site_symmetry_multiplicity\n _atom_site_fract_x\n _atom_site_fract_y\n _atom_site_fract_z\n _atom_site_occupancy\n  Li  Li1  1  0.000000  0.000000  0.000000  1\n  Li  Li2  1  0.000000  0.500000  0.500000  1\n  Li  Li3  1  0.500000  0.500000  0.000000  1\n  Li  Li4  1  0.500000  0.000000  0.500000  1\n  Li  Li5  1  0.500000  0.120467  0.356123  1\n  Li  Li6  1  0.500000  0.879533  0.643877  1\n  Li  Li7  1  0.500000  0.620467  0.143877  1\n  Li  Li8  1  0.500000  0.379533  0.856123  1\n  Li  Li9  1  0.500000  0.233698  0.102867  1\n  Li  Li10  1  0.500000  0.766302  0.897133  1\n  Li  Li11  1  0.500000  0.733698  0.397133  1\n  Li  Li12  1  0.500000  0.266302  0.602867  1\n  Li  Li13  1  0.500000  0.414282  0.258021  1\n  Li  Li14  1  0.500000  0.585718  0.741979  1\n  Li  Li15  1  0.500000  0.914282  0.241979  1\n  Li  Li16  1  0.500000  0.085718  0.758021  1\n  Li  Li17  1  0.000000  0.326497  0.987799  1\n  Li  Li18  1  0.000000  0.673503  0.012201  1\n  Li  Li19  1  0.000000  0.826497  0.512201  1\n  Li  Li20  1  0.000000  0.173503  0.487799  1\n  Li  Li21  1  0.000000  0.116312  0.189758  1\n  Li  Li22  1  0.000000  0.883688  0.810242  1\n  Li  Li23  1  0.000000  0.616312  0.310242  1\n  Li  Li24  1  0.000000  0.383688  0.689758  1\n  Li  Li25  1  0.000000  0.296135  0.333831  1\n  Li  Li26  1  0.000000  0.703865  0.666169  1\n  Li  Li27  1  0.000000  0.796135  0.166169  1\n  Li  Li28  1  0.000000  0.203865  0.833831  1\n  Si  Si29  1  0.500000  0.398127  0.436644  1\n  Si  Si30  1  0.500000  0.601873  0.563356  1\n  Si  Si31  1  0.500000  0.898127  0.063356  1\n  Si  Si32  1  0.500000  0.101873  0.936644  1\n  Si  Si33  1  0.000000  0.442658  0.153917  1\n  Si  Si34  1  0.000000  0.557342  0.846083  1\n  Si  Si35  1  0.000000  0.942658  0.346083  1\n  Si  Si36  1  0.000000  0.057342  0.653917  1\n", "task_id": "mp-27930", "nelements": 2, "e_above_hull": 0.02941246289473698, "is_compatible": true, "coord": 8.155881851827244, "potcar": null, "lengths_and_angles": [[4.46517553, 8.0429859, 14.937542], [90.0, 90.0, 90.0]], "dos": null}, {"energy": -9.64757855, "elasticity": {"elastic_tensor": [[262.0, 116.0, 26.0, 0.0, 0.0, 0.0], [116.0, 262.0, 26.0, 0.0, 0.0, 0.0], [26.0, 26.0, 168.0, 0.0, 0.0, 0.0], [0.0, 0.0, 0.0, 21.0, 0.0, 0.0], [0.0, 0.0, 0.0, 0.0, 21.0, 0.0], [0.0, 0.0, 0.0, 0.0, 0.0, 73.0]], "compliance_tensor": [[4.8, -2.1, -0.4, 0.0, 0.0, -0.0], [-2.1, 4.8, -0.4, 0.0, 0.0, -0.0], [-0.4, -0.4, 6.1, 0.0, 0.0, 0.0], [0.0, 0.0, 0.0, 48.1, -0.0, 0.0], [0.0, 0.0, 0.0, -0.0, 48.1, 0.0], [-0.0, -0.0, 0.0, 0.0, 0.0, 13.8]], "G_Voigt_Reuss_Hill": 47.0, "G_Reuss": 37.0, "elastic_tensor_original": [[263.6468881497299, 114.14118493906001, 26.366109845132186, 0.0, 0.0, 0.06267217000000193], [113.93725909489295, 264.490936303509, 26.36608966802068, 0.0, 0.0, 0.0], [25.6291969748671, 26.049994177707823, 167.86536158426654, 0.0, 0.0, 0.11000359999999974], [0.0, 0.0, 0.0, 20.75100007666667, 0.0, 0.0], [0.0, 0.0, 0.0, 0.0, 20.837132783333338, 0.0], [0.0, 0.0, 0.0, 0.0, 0.0, 70.19202716333335]], "K_Voigt_Reuss_Hill": 108.0, "K_Reuss": 102.0, "universal_anisotropy": 2.89, "K_VRH": 108.0, "elastic_tensor_orig_symmetrized": [[261.6575032558753, 116.4506309877205, 26.10284766643195, 0.0, 0.0, -4.958996176659032e-15], [116.4506309877205, 261.65750325587527, 26.10284766643194, 0.0, 0.0, -2.923587298179579e-15], [26.10284766643195, 26.10284766643194, 167.86536158426654, 0.0, 0.0, -4.680850885571454e-16], [0.0, 0.0, 0.0, 20.794066429999997, -6.11779145861154e-16, 0.0], [0.0, 0.0, 0.0, -6.11779145861154e-16, 20.794066430000004, 0.0], [-4.958996176659032e-15, -2.923587298179579e-15, -4.680850885571454e-16, 0.0, 0.0, 72.60343613407741]], "state": "successful", "G_VRH": 47.0, "homogeneous_poisson": 0.31, "K_Voigt": 114.0, "warnings": null, "poisson_ratio": 0.31, "G_Voigt": 58.0, "elastic_anisotropy": 2.89}, "unit_cell_formula": {"Rh": 1.0, "Li": 1.0}, "hubbards": {}, "energy_per_atom": -4.823789275, "band_gap": 0, "density": 6.7273287297194475, "incar": null, "kpoints": null, "nsites": 2, "icsd_id": 150551, "conventional_lattice": [[1.3392553375, -2.3196582888578043, 0.0], [1.3392553375, 2.3196582888578043, 0.0], [0.0, 0.0, 4.36390464]], "volrat": 0.3778545280355887, "elements": ["Li", "Rh"], "pretty_formula": "LiRh", "volume": 27.11394015574342, "is_hubbard": false, "formation_energy_per_atom": -0.19473577500000072, "cif": "# generated using pymatgen\ndata_LiRh\n_symmetry_space_group_name_H-M   'P 1'\n_cell_length_a   2.67851081\n_cell_length_b   2.67851054\n_cell_length_c   4.36390464\n_cell_angle_alpha   90.00000000\n_cell_angle_beta   90.00000000\n_cell_angle_gamma   120.00000318\n_symmetry_Int_Tables_number   1\n_chemical_formula_structural   LiRh\n_chemical_formula_sum   'Li1 Rh1'\n_cell_volume   27.1139401557\n_cell_formula_units_Z   1\nloop_\n _symmetry_equiv_pos_site_id\n _symmetry_equiv_pos_as_xyz\n  1  'x, y, z'\nloop_\n _atom_site_type_symbol\n _atom_site_label\n _atom_site_symmetry_multiplicity\n _atom_site_fract_x\n _atom_site_fract_y\n _atom_site_fract_z\n _atom_site_occupancy\n  Li  Li1  1  0.333333  0.666667  0.500000  1\n  Rh  Rh2  1  0.000000  0.000000  0.000000  1\n", "task_id": "mp-600561", "nelements": 2, "e_above_hull": 0, "is_compatible": true, "coord": 11.96478725997844, "potcar": null, "lengths_and_angles": [[2.678510675, 2.678510675, 4.36390464], [90.0, 90.0, 119.99999999999999]], "dos": null}, {"energy": -18.49272512, "elasticity": {"elastic_tensor": [[154.0, 107.0, 107.0, 0.0, 0.0, 0.0], [107.0, 154.0, 107.0, 0.0, 0.0, 0.0], [107.0, 107.0, 154.0, 0.0, 0.0, 0.0], [0.0, 0.0, 0.0, 60.0, 0.0, 0.0], [0.0, 0.0, 0.0, 0.0, 60.0, 0.0], [0.0, 0.0, 0.0, 0.0, 0.0, 60.0]], "compliance_tensor": [[15.1, -6.2, -6.2, 0.0, 0.0, 0.0], [-6.2, 15.1, -6.2, 0.0, 0.0, 0.0], [-6.2, -6.2, 15.1, 0.0, 0.0, 0.0], [0.0, 0.0, 0.0, 16.6, 0.0, 0.0], [0.0, 0.0, 0.0, 0.0, 16.6, 0.0], [0.0, 0.0, 0.0, 0.0, 0.0, 16.6]], "G_Voigt_Reuss_Hill": 41.0, "G_Reuss": 37.0, "elastic_tensor_original": [[153.75456730643435, 106.78135292151515, 106.7819381995229, 0.0, 0.0, 0.0], [106.78090887146291, 153.75467861705826, 106.7819381995229, 0.0, 0.0, 0.0], [106.78090887146291, 106.78135292151515, 153.75459036322957, 0.0, 0.0, 0.0], [0.0, 0.0, 0.0, 60.362058200000014, 0.0, 0.0], [0.0, 0.0, 0.0, 0.0, 60.36215930000001, 0.0], [0.0, 0.0, 0.0, 0.0, 0.0, 60.362006760000014]], "K_Voigt_Reuss_Hill": 122.0, "K_Reuss": 122.0, "universal_anisotropy": 1.15, "K_VRH": 122.0, "elastic_tensor_orig_symmetrized": [[153.75461209557398, 106.78139999750036, 106.78139999750036, 6.538474985770598e-15, 9.414754677849382e-15, -1.3930697149426892e-14], [106.78139999750036, 153.75461209557412, 106.78139999750037, 9.414754677849384e-15, 6.538474985770596e-15, -9.414754677849385e-15], [106.78139999750036, 106.78139999750037, 153.7546120955739, 1.3930697149426895e-14, 1.3930697149426894e-14, -6.538474985770599e-15], [6.538474985770598e-15, 9.414754677849384e-15, 1.3930697149426895e-14, 60.36207475333328, -3.6961110818281455e-15, 3.6961110818281455e-15], [9.414754677849382e-15, 6.538474985770596e-15, 1.3930697149426894e-14, -3.6961110818281455e-15, 60.36207475333335, 3.696111081828145e-15], [-1.3930697149426892e-14, -9.414754677849385e-15, -6.538474985770599e-15, 3.6961110818281455e-15, 3.696111081828145e-15, 60.3620747533333]], "state": "successful", "G_VRH": 41.0, "homogeneous_poisson": 0.35, "K_Voigt": 122.0, "warnings": null, "poisson_ratio": 0.35, "G_Voigt": 46.0, "elastic_anisotropy": 1.15}, "unit_cell_formula": {"Pd": 3.0, "Li": 1.0}, "hubbards": {}, "energy_per_atom": -4.62318128, "band_gap": 0.2368999999999999, "density": 9.120450065835776, "incar": null, "kpoints": null, "nsites": 4, "icsd_id": null, "conventional_lattice": [[3.901569606666667, 0.0, 2.389022365227466e-16], [-2.389022365227466e-16, 3.901569606666667, 2.389022365227466e-16], [0.0, 0.0, 3.901569606666667]], "volrat": 0.38035521923584215, "elements": ["Li", "Pd"], "pretty_formula": "LiPd3", "volume": 59.390649875728855, "is_hubbard": false, "formation_energy_per_atom": -0.2664143724999999, "cif": "# generated using pymatgen\ndata_LiPd3\n_symmetry_space_group_name_H-M   'P 1'\n_cell_length_a   3.90153845\n_cell_length_b   3.90142320\n_cell_length_c   3.90174717\n_cell_angle_alpha   90.00000602\n_cell_angle_beta   90.00003510\n_cell_angle_gamma   89.99999119\n_symmetry_Int_Tables_number   1\n_chemical_formula_structural   LiPd3\n_chemical_formula_sum   'Li1 Pd3'\n_cell_volume   59.3906498757\n_cell_formula_units_Z   1\nloop_\n _symmetry_equiv_pos_site_id\n _symmetry_equiv_pos_as_xyz\n  1  'x, y, z'\nloop_\n _atom_site_type_symbol\n _atom_site_label\n _atom_site_symmetry_multiplicity\n _atom_site_fract_x\n _atom_site_fract_y\n _atom_site_fract_z\n _atom_site_occupancy\n  Li  Li1  1  0.000000  0.000000  0.000000  1\n  Pd  Pd2  1  0.000001  0.500000  0.500000  1\n  Pd  Pd3  1  0.500000  0.000001  0.500001  1\n  Pd  Pd4  1  0.500001  0.500001  0.000001  1\n", "task_id": "mp-861936", "nelements": 2, "e_above_hull": 0, "is_compatible": true, "coord": 11.998105661402409, "potcar": null, "lengths_and_angles": [[3.901569606666667, 3.901569606666667, 3.901569606666667], [90.0, 90.0, 90.0]], "dos": null}, {"energy": -21.74308516, "elasticity": {"elastic_tensor": [[258.0, 140.0, 140.0, 0.0, 0.0, 0.0], [140.0, 258.0, 140.0, 0.0, 0.0, 0.0], [140.0, 140.0, 258.0, 0.0, 0.0, 0.0], [0.0, 0.0, 0.0, 107.0, 0.0, 0.0], [0.0, 0.0, 0.0, 0.0, 107.0, 0.0], [0.0, 0.0, 0.0, 0.0, 0.0, 107.0]], "compliance_tensor": [[6.3, -2.2, -2.2, 0.0, 0.0, 0.0], [-2.2, 6.3, -2.2, 0.0, 0.0, 0.0], [-2.2, -2.2, 6.3, 0.0, 0.0, 0.0], [0.0, 0.0, 0.0, 9.4, 0.0, 0.0], [0.0, 0.0, 0.0, 0.0, 9.4, 0.0], [0.0, 0.0, 0.0, 0.0, 0.0, 9.4]], "G_Voigt_Reuss_Hill": 84.0, "G_Reuss": 81.0, "elastic_tensor_original": [[257.99683452315656, 140.1929125399173, 140.19319908980546, 0.0, 0.0, 0.0], [140.1928518219089, 257.9978773888653, 140.19319908980546, 0.0, 0.0, 0.0], [140.1928518219089, 140.1929125399173, 257.9986579841495, 0.0, 0.0, 0.0], [0.0, 0.0, 0.0, 106.74207161666666, 0.0, 0.0], [0.0, 0.0, 0.0, 0.0, 106.74200507, 0.0], [0.0, 0.0, 0.0, 0.0, 0.0, 106.74192784333339]], "K_Voigt_Reuss_Hill": 179.0, "K_Reuss": 179.0, "universal_anisotropy": 0.44, "K_VRH": 179.0, "elastic_tensor_orig_symmetrized": [[257.9977899653906, 140.19298781721062, 140.19298781721068, 8.584344689662536e-15, 1.579780838341033e-14, -2.1656469738042887e-14], [140.19298781721062, 257.9977899653905, 140.19298781721062, 1.5797808383410327e-14, 8.584344689662536e-15, -1.5797808383410327e-14], [140.19298781721068, 140.19298781721062, 257.9977899653905, 2.1656469738042887e-14, 2.165646973804288e-14, -8.584344689662536e-15], [8.584344689662536e-15, 1.5797808383410327e-14, 2.1656469738042887e-14, 106.74200151000014, -6.536062524190176e-15, 6.536062524190174e-15], [1.579780838341033e-14, 8.584344689662536e-15, 2.165646973804288e-14, -6.536062524190176e-15, 106.74200151000008, 6.536062524190173e-15], [-2.1656469738042887e-14, -1.5797808383410327e-14, -8.584344689662536e-15, 6.536062524190174e-15, 6.536062524190173e-15, 106.7420015100001]], "state": "successful", "G_VRH": 84.0, "homogeneous_poisson": 0.3, "K_Voigt": 179.0, "warnings": null, "poisson_ratio": 0.3, "G_Voigt": 88.0, "elastic_anisotropy": 0.44}, "unit_cell_formula": {"Pt": 3.0, "Li": 1.0}, "hubbards": {}, "energy_per_atom": -5.43577129, "band_gap": 0, "density": 16.69233676530193, "incar": null, "kpoints": null, "nsites": 4, "icsd_id": null, "conventional_lattice": [[3.8910343399999996, 0.0, 2.382571374926717e-16], [-2.382571374926717e-16, 3.8910343399999996, 2.382571374926717e-16], [0.0, 0.0, 3.8910343399999996]], "volrat": 0.3804977281286083, "elements": ["Li", "Pt"], "pretty_formula": "LiPt3", "volume": 58.91083669530588, "is_hubbard": false, "formation_energy_per_atom": -0.4174249724999992, "cif": "# generated using pymatgen\ndata_LiPt3\n_symmetry_space_group_name_H-M   'P 1'\n_cell_length_a   3.89103434\n_cell_length_b   3.89103434\n_cell_length_c   3.89103434\n_cell_angle_alpha   90.00000000\n_cell_angle_beta   90.00000000\n_cell_angle_gamma   90.00000000\n_symmetry_Int_Tables_number   1\n_chemical_formula_structural   LiPt3\n_chemical_formula_sum   'Li1 Pt3'\n_cell_volume   58.9108366953\n_cell_formula_units_Z   1\nloop_\n _symmetry_equiv_pos_site_id\n _symmetry_equiv_pos_as_xyz\n  1  'x, y, z'\nloop_\n _atom_site_type_symbol\n _atom_site_label\n _atom_site_symmetry_multiplicity\n _atom_site_fract_x\n _atom_site_fract_y\n _atom_site_fract_z\n _atom_site_occupancy\n  Li  Li1  1  0.000000  0.000000  0.000000  1\n  Pt  Pt2  1  0.000000  0.500000  0.500000  1\n  Pt  Pt3  1  0.500000  0.500000  0.000000  1\n  Pt  Pt4  1  0.500000  0.000000  0.500000  1\n", "task_id": "mp-861931", "nelements": 2, "e_above_hull": 0, "is_compatible": true, "coord": 11.999999999999998, "potcar": null, "lengths_and_angles": [[3.8910343399999996, 3.8910343399999996, 3.8910343399999996], [90.0, 90.0, 90.0]], "dos": null}, {"energy": -112.73203344, "elasticity": {"elastic_tensor": [[906.0, 151.0, -2.0, 0.0, 0.0, 0.0], [151.0, 906.0, -2.0, -0.0, 0.0, 0.0], [-2.0, -2.0, 15.0, 0.0, 0.0, -0.0], [0.0, 0.0, 0.0, 3.0, 0.0, 0.0], [-0.0, 0.0, 0.0, 0.0, 3.0, -0.0], [0.0, 0.0, -0.0, -0.0, -0.0, 377.0]], "compliance_tensor": [[1.1, -0.2, 0.1, -0.0, -0.0, -0.0], [-0.2, 1.1, 0.1, 0.0, -0.0, -0.0], [0.1, 0.1, 66.1, -0.0, -0.0, -0.0], [-0.0, -0.0, -0.0, 301.5, -0.0, -0.0], [0.0, -0.0, -0.0, -0.0, 301.5, 0.0], [-0.0, -0.0, -0.0, 0.0, 0.0, 2.6]], "G_Voigt_Reuss_Hill": 98.0, "G_Reuss": 7.0, "elastic_tensor_original": [[906.2344918730353, 151.16249703132956, -1.50317179105868, -0.06108929000000003, 0.0055076333333296795, 0.0], [150.46542760207006, 905.3813049143617, -1.5031719310578933, 0.05814188999999753, -0.008553853333333783, 0.0], [-2.221316335245621, -2.185948820862888, 15.134685942341626, 0.003097063333333256, -0.2835620333333339, 0.0], [0.0, 0.0, 0.0, 3.840223510000001, 0.0, 0.0], [0.0, 0.0, 0.0, 0.0, 2.79350924, 0.0], [0.0, 0.0, 0.0, 0.0, 0.0, 377.2894487233334]], "K_Voigt_Reuss_Hill": 125.0, "K_Reuss": 15.0, "universal_anisotropy": 141.65, "K_VRH": 125.0, "elastic_tensor_orig_symmetrized": [[905.7041387361159, 150.91772197428273, -1.8534022195562705, 0.0, 1.4456028966473392e-19, -4.528090865226393e-14], [150.91772197428273, 905.7041387361156, -1.8534022195562705, 5.782411586589357e-19, -4.336808689942018e-19, -1.9220736113823023e-14], [-1.8534022195562705, -1.8534022195562705, 15.134685942341624, 1.1564823173178713e-18, 0.0, 5.2384907029989885e-17], [0.0, 5.782411586589357e-19, 1.1564823173178713e-18, 3.3168663750000005, -9.251858538542972e-17, -2.8912057932946783e-19], [1.4456028966473392e-19, -4.336808689942018e-19, 0.0, -9.251858538542972e-17, 3.3168663750000005, 0.0], [-4.528090865226393e-14, -1.9220736113823023e-14, 5.2384907029989885e-17, -2.8912057932946783e-19, 0.0, 377.3932083809164]], "state": "successful", "G_VRH": 98.0, "homogeneous_poisson": 0.19, "K_Voigt": 236.0, "warnings": null, "poisson_ratio": 0.19, "G_Voigt": 189.0, "elastic_anisotropy": 141.65}, "unit_cell_formula": {"C": 12.0, "Li": 1.0}, "hubbards": {}, "energy_per_atom": -8.67169488, "band_gap": 0, "density": 2.019464376843748, "incar": null, "kpoints": null, "nsites": 13, "icsd_id": null, "conventional_lattice": [[2.148957615, -3.7221037724920385, 0.0], [2.148957615, 3.7221037724920385, 0.0], [0.0, 0.0, 7.76502857]], "volrat": 0.38049767225642234, "elements": ["C", "Li"], "pretty_formula": "LiC12", "volume": 124.21939169902254, "is_hubbard": false, "formation_energy_per_atom": -0.009038068076923022, "cif": "# generated using pymatgen\ndata_LiC12\n_symmetry_space_group_name_H-M   'P 1'\n_cell_length_a   4.29791523\n_cell_length_b   4.29791523\n_cell_length_c   7.76502857\n_cell_angle_alpha   90.00000000\n_cell_angle_beta   90.00000000\n_cell_angle_gamma   119.99999578\n_symmetry_Int_Tables_number   1\n_chemical_formula_structural   LiC12\n_chemical_formula_sum   'Li1 C12'\n_cell_volume   124.219391699\n_cell_formula_units_Z   1\nloop_\n _symmetry_equiv_pos_site_id\n _symmetry_equiv_pos_as_xyz\n  1  'x, y, z'\nloop_\n _atom_site_type_symbol\n _atom_site_label\n _atom_site_symmetry_multiplicity\n _atom_site_fract_x\n _atom_site_fract_y\n _atom_site_fract_z\n _atom_site_occupancy\n  Li  Li1  1  0.000000  0.000000  0.000000  1\n  C  C2  1  0.333362  1.000000  0.243769  1\n  C  C3  1  0.666638  0.666638  0.243769  1\n  C  C4  1  1.000000  0.333362  0.243769  1\n  C  C5  1  0.666638  0.000000  0.243769  1\n  C  C6  1  0.333362  0.333362  0.243769  1\n  C  C7  1  0.000000  0.666638  0.243769  1\n  C  C8  1  0.666638  0.000000  0.756231  1\n  C  C9  1  0.333362  0.333362  0.756231  1\n  C  C10  1  0.000000  0.666638  0.756231  1\n  C  C11  1  0.333362  1.000000  0.756231  1\n  C  C12  1  0.666638  0.666638  0.756231  1\n  C  C13  1  1.000000  0.333362  0.756231  1\n", "task_id": "mp-1021323", "nelements": 2, "e_above_hull": 0, "is_compatible": true, "coord": 11.999999257396318, "potcar": null, "lengths_and_angles": [[4.29791523, 4.29791523, 7.76502857], [90.0, 90.0, 119.99999999999999]], "dos": null}, {"energy": -14.12982487, "elasticity": {"elastic_tensor": [[113.0, 15.0, 2.0, -18.0, 0.0, 0.0], [15.0, 113.0, 2.0, 18.0, 0.0, 0.0], [2.0, 2.0, 91.0, 0.0, 0.0, 0.0], [-18.0, 18.0, 0.0, 28.0, 0.0, 0.0], [0.0, 0.0, 0.0, 0.0, 28.0, -18.0], [0.0, 0.0, 0.0, 0.0, -18.0, 49.0]], "compliance_tensor": [[10.7, -2.9, -0.2, 9.1, 0.0, 0.0], [-2.9, 10.7, -0.2, -9.1, 0.0, 0.0], [-0.2, -0.2, 11.0, -0.0, 0.0, 0.0], [9.1, -9.1, -0.0, 48.5, 0.0, 0.0], [0.0, 0.0, 0.0, 0.0, 48.5, 18.3], [0.0, 0.0, 0.0, 0.0, 18.3, 27.3]], "G_Voigt_Reuss_Hill": 35.0, "G_Reuss": 29.0, "elastic_tensor_original": [[113.87686043033533, 14.68884456844933, 2.1796483389030996, 18.101904726666668, 0.0, 0.24371574666666587], [14.933085529318925, 114.27874751272049, 2.1796475588324884, -17.824016636666666, 0.0, -0.1717384266666663], [2.2743049020849297, 2.232457516526473, 90.97422376389153, 0.07155985333333334, 0.0, -0.0731705500000002], [18.80999491272866, -19.076274506455945, 0.0, 27.551600786666672, 0.0, 0.4115531833333337], [0.0, 0.0, 0.0, 0.0, 27.53546285333334, 18.674245946666673], [0.0, 0.0, 0.0, 0.0, 18.145153456666662, 48.342184936666676]], "K_Voigt_Reuss_Hill": 39.0, "K_Reuss": 39.0, "universal_anisotropy": 2.02, "K_VRH": 39.0, "elastic_tensor_orig_symmetrized": [[113.43218670920034, 15.456582311211738, 2.216514579086748, 18.43137369864808, 9.25185853854297e-18, 8.480870326997724e-16], [15.456582311211738, 113.43218670920021, 2.2165145790867458, -18.43137369864807, 2.451742512713887e-16, 8.187894806610529e-16], [2.216514579086748, 2.2165145790867458, 90.97422376389154, 0.0, 0.0, 1.4936578991882332e-17], [18.43137369864808, -18.43137369864807, 0.0, 27.54353181999998, 2.0209528495129803e-16, 2.5365512159838647e-16], [9.25185853854297e-18, 2.451742512713887e-16, 0.0, 2.0209528495129803e-16, 27.543531820000016, 18.431373698648073], [8.480870326997724e-16, 8.187894806610529e-16, 1.4936578991882332e-17, 2.5365512159838647e-16, 18.431373698648073, 48.98780219899428]], "state": "successful", "G_VRH": 35.0, "homogeneous_poisson": 0.16, "K_Voigt": 40.0, "warnings": null, "poisson_ratio": 0.16, "G_Voigt": 41.0, "elastic_anisotropy": 2.02}, "unit_cell_formula": {"Al": 2.0, "Li": 3.0}, "hubbards": {}, "energy_per_atom": -2.825964974, "band_gap": 0.24270000000000014, "density": 1.5386203358775934, "incar": null, "kpoints": null, "nsites": 5, "icsd_id": 57951, "conventional_lattice": [[2.2218268376756978, -3.8483169684743967, 0.0], [2.2218268376756978, 3.8483169684743967, 0.0], [0.0, 0.0, 14.159520946084166]], "volrat": 0.24040683702274795, "elements": ["Al", "Li"], "pretty_formula": "Li3Al2", "volume": 80.71204379908208, "is_hubbard": false, "formation_energy_per_atom": -0.18145292600000004, "cif": "# generated using pymatgen\ndata_Li3Al2\n_symmetry_space_group_name_H-M   'P 1'\n_cell_length_a   5.37204913\n_cell_length_b   5.37204914\n_cell_length_c   5.37204914\n_cell_angle_alpha   48.86113109\n_cell_angle_beta   48.86113103\n_cell_angle_gamma   48.86113103\n_symmetry_Int_Tables_number   1\n_chemical_formula_structural   Li3Al2\n_chemical_formula_sum   'Li3 Al2'\n_cell_volume   80.7120437991\n_cell_formula_units_Z   1\nloop_\n _symmetry_equiv_pos_site_id\n _symmetry_equiv_pos_as_xyz\n  1  'x, y, z'\nloop_\n _atom_site_type_symbol\n _atom_site_label\n _atom_site_symmetry_multiplicity\n _atom_site_fract_x\n _atom_site_fract_y\n _atom_site_fract_z\n _atom_site_occupancy\n  Li  Li1  1  0.597216  0.597216  0.597216  1\n  Li  Li2  1  0.402784  0.402784  0.402784  1\n  Li  Li3  1  0.000000  0.000000  0.000000  1\n  Al  Al4  1  0.198260  0.198260  0.198260  1\n  Al  Al5  1  0.801740  0.801740  0.801740  1\n", "task_id": "mp-16506", "nelements": 2, "e_above_hull": 0, "is_compatible": true, "coord": 9.846943886252378, "potcar": null, "lengths_and_angles": [[4.4436536753513955, 4.4436536753513955, 14.159520946084166], [90.0, 90.0, 119.99999999999999]], "dos": null}, {"energy": -9.44417271, "elasticity": {"elastic_tensor": [[30.0, 23.0, 23.0, 0.0, 0.0, 0.0], [23.0, 30.0, 23.0, 0.0, 0.0, 0.0], [23.0, 23.0, 30.0, 0.0, 0.0, 0.0], [0.0, 0.0, 0.0, 26.0, 0.0, 0.0], [0.0, 0.0, 0.0, 0.0, 26.0, 0.0], [0.0, 0.0, 0.0, 0.0, 0.0, 26.0]], "compliance_tensor": [[92.9, -39.8, -39.8, 0.0, 0.0, 0.0], [-39.8, 92.9, -39.8, 0.0, 0.0, 0.0], [-39.8, -39.8, 92.9, 0.0, 0.0, 0.0], [0.0, 0.0, 0.0, 39.1, 0.0, 0.0], [0.0, 0.0, 0.0, 0.0, 39.1, 0.0], [0.0, 0.0, 0.0, 0.0, 0.0, 39.1]], "G_Voigt_Reuss_Hill": 12.0, "G_Reuss": 8.0, "elastic_tensor_original": [[30.171467891793153, 22.638405123721228, 22.632646836911583, 0.0, 0.0, 0.0], [22.63609761857594, 30.17286451623715, 22.632646836911583, 0.0, 0.0, 0.0], [22.63609761857594, 22.638405123721228, 30.166500224036287, 0.0, 0.0, 0.0], [0.0, 0.0, 0.0, 25.581548729999994, 0.0, 0.0], [0.0, 0.0, 0.0, 0.0, 25.58142797, 0.0], [0.0, 0.0, 0.0, 0.0, 0.0, 25.581651370000003]], "K_Voigt_Reuss_Hill": 25.0, "K_Reuss": 25.0, "universal_anisotropy": 5.93, "K_VRH": 25.0, "elastic_tensor_orig_symmetrized": [[30.170277544022202, 22.635716526402963, 22.635716526402952, 1.3860378895233078e-15, 1.847396691183701e-15, -4.518873326779291e-15], [22.635716526402963, 30.170277544022202, 22.635716526402952, 1.8473966911837014e-15, 1.3860378895233076e-15, -1.8473966911837e-15], [22.635716526402952, 22.635716526402952, 30.170277544022213, 4.518873326779292e-15, 4.518873326779291e-15, -1.3860378895233078e-15], [1.3860378895233078e-15, 1.8473966911837014e-15, 4.518873326779292e-15, 25.581542689999996, -1.566417718627993e-15, 1.5664177186279925e-15], [1.847396691183701e-15, 1.3860378895233076e-15, 4.518873326779291e-15, -1.566417718627993e-15, 25.581542689999978, 1.5664177186279925e-15], [-4.518873326779291e-15, -1.8473966911837e-15, -1.3860378895233078e-15, 1.5664177186279925e-15, 1.5664177186279925e-15, 25.581542689999967]], "state": "successful", "G_VRH": 12.0, "homogeneous_poisson": 0.29, "K_Voigt": 25.0, "warnings": null, "poisson_ratio": 0.29, "G_Voigt": 17.0, "elastic_anisotropy": 5.93}, "unit_cell_formula": {"Li": 3.0, "In": 1.0}, "hubbards": {}, "energy_per_atom": -2.3610431775, "band_gap": 0, "density": 3.0622207750719546, "incar": null, "kpoints": null, "nsites": 4, "icsd_id": null, "conventional_lattice": [[6.651013743791647, 0.0, 4.0725713462097473e-16], [-4.0725713462097473e-16, 6.651013743791647, 4.0725713462097473e-16], [0.0, 0.0, 6.651013743791647]], "volrat": 0.2582026913348802, "elements": ["In", "Li"], "pretty_formula": "Li3In", "volume": 73.55353396362102, "is_hubbard": false, "formation_energy_per_atom": -0.24901082000000008, "cif": "# generated using pymatgen\ndata_Li3In\n_symmetry_space_group_name_H-M   'P 1'\n_cell_length_a   4.70297692\n_cell_length_b   4.70297692\n_cell_length_c   4.70297692\n_cell_angle_alpha   60.00000000\n_cell_angle_beta   60.00000000\n_cell_angle_gamma   60.00000000\n_symmetry_Int_Tables_number   1\n_chemical_formula_structural   Li3In\n_chemical_formula_sum   'Li3 In1'\n_cell_volume   73.5535339636\n_cell_formula_units_Z   1\nloop_\n _symmetry_equiv_pos_site_id\n _symmetry_equiv_pos_as_xyz\n  1  'x, y, z'\nloop_\n _atom_site_type_symbol\n _atom_site_label\n _atom_site_symmetry_multiplicity\n _atom_site_fract_x\n _atom_site_fract_y\n _atom_site_fract_z\n _atom_site_occupancy\n  Li  Li1  1  0.000000  0.000000  0.000000  1\n  Li  Li2  1  0.500000  0.500000  0.500000  1\n  Li  Li3  1  0.250000  0.250000  0.250000  1\n  In  In4  1  0.750001  0.750001  0.750001  1\n", "task_id": "mp-867226", "nelements": 2, "e_above_hull": 0.00026372464285628894, "is_compatible": true, "coord": 10.16055907244813, "potcar": null, "lengths_and_angles": [[6.651013743791647, 6.651013743791647, 6.651013743791647], [90.0, 90.0, 90.0]], "dos": null}, {"energy": -11.2740114, "elasticity": {"elastic_tensor": [[29.0, 18.0, 5.0, -0.0, 0.0, 0.0], [18.0, 29.0, 5.0, 0.0, 0.0, 0.0], [5.0, 5.0, 43.0, 0.0, 0.0, 0.0], [-0.0, 0.0, 0.0, 6.0, 0.0, 0.0], [0.0, 0.0, 0.0, 0.0, 6.0, -0.0], [0.0, 0.0, 0.0, 0.0, -0.0, 5.0]], "compliance_tensor": [[59.3, -37.6, -2.4, 4.7, 0.0, 0.0], [-37.6, 59.3, -2.4, -4.7, 0.0, 0.0], [-2.4, -2.4, 24.1, -0.0, 0.0, 0.0], [4.7, -4.7, -0.0, 178.0, 0.0, 0.0], [0.0, 0.0, 0.0, 0.0, 178.0, 9.4], [0.0, 0.0, 0.0, 0.0, 9.4, 193.6]], "G_Voigt_Reuss_Hill": 7.0, "G_Reuss": 6.0, "elastic_tensor_original": [[28.602725752517713, 18.178169171923454, 4.962628395165289, 0.6264759900000001, -0.0013478400000002052, -0.01800440000000053], [18.662536755180795, 28.8232191570423, 4.962628355240513, -0.3425633766666667, 0.0, 0.005828923333333395], [4.360400654221329, 4.7185268247866246, 42.51199254946702, -0.30267290333333347, 0.0, 0.009207309999999967], [0.19618198580133245, 0.10315207419458006, 0.0, 5.724837333333335, 0.0, 0.2508333833333333], [0.0, 0.0, 0.0, 0.0, 5.537854460000001, 0.16588919333333338], [0.0, 0.0, 0.0, 0.0, 0.40148355, 5.208993330000002]], "K_Voigt_Reuss_Hill": 17.0, "K_Reuss": 17.0, "universal_anisotropy": 1.45, "K_VRH": 17.0, "elastic_tensor_orig_symmetrized": [[28.744314246973026, 18.389011171359083, 4.751046057353436, 0.