[{"energy": -1.90885558, "elasticity": {"elastic_tensor": [[15.0, 13.0, 13.0, 0.0, 0.0, 0.0], [13.0, 15.0, 13.0, 0.0, 0.0, 0.0], [13.0, 13.0, 15.0, 0.0, 0.0, 0.0], [0.0, 0.0, 0.0, 11.0, 0.0, 0.0], [0.0, 0.0, 0.0, 0.0, 11.0, 0.0], [0.0, 0.0, 0.0, 0.0, 0.0, 11.0]], "compliance_tensor": [[374.8, -175.5, -175.5, 0.0, 0.0, -0.0], [-175.5, 374.8, -175.5, 0.0, 0.0, 0.0], [-175.5, -175.5, 374.8, 0.0, 0.0, 0.0], [0.0, 0.0, 0.0, 91.2, -0.0, 0.0], [0.0, 0.0, 0.0, -0.0, 91.2, 0.0], [-0.0, 0.0, 0.0, 0.0, 0.0, 91.2]], "G_Voigt_Reuss_Hill": 4.0, "G_Reuss": 2.0, "elastic_tensor_original": [[15.224340903232463, 13.407031918520497, 13.407356000647528, 0.0, 0.0, 0.0], [13.407162217562567, 15.224103156819787, 13.407356000647528, 0.0, 0.0, 0.0], [13.407162217562567, 13.407031918520497, 15.224348427065136, 0.0, 0.0, 0.0], [0.0, 0.0, 0.0, 10.961194996666668, 0.0, 0.0], [0.0, 0.0, 0.0, 0.0, 10.961206276666667, 0.0], [0.0, 0.0, 0.0, 0.0, 0.0, 10.961203593333336]], "K_Voigt_Reuss_Hill": 14.0, "K_Reuss": 14.0, "universal_anisotropy": 12.18, "K_VRH": 14.0, "elastic_tensor_orig_symmetrized": [[15.224264162372457, 13.407183378910187, 13.407183378910194, 8.209532105281988e-16, 9.322173187911595e-16, -2.1633132586745207e-15], [13.407183378910187, 15.224264162372442, 13.407183378910183, 9.322173187911597e-16, 8.209532105281989e-16, -9.322173187911599e-16], [13.407183378910194, 13.407183378910183, 15.224264162372442, 2.1633132586745207e-15, 2.1633132586745207e-15, -8.209532105281989e-16], [8.209532105281988e-16, 9.322173187911597e-16, 2.1633132586745207e-15, 10.961201622222225, -6.711800240731611e-16, 6.711800240731613e-16], [9.322173187911595e-16, 8.209532105281989e-16, 2.1633132586745207e-15, -6.711800240731611e-16, 10.961201622222225, 6.71180024073161e-16], [-2.1633132586745207e-15, -9.322173187911599e-16, -8.209532105281989e-16, 6.711800240731613e-16, 6.71180024073161e-16, 10.961201622222227]], "state": "successful", "G_VRH": 4.0, "homogeneous_poisson": 0.36, "K_Voigt": 14.0, "warnings": null, "poisson_ratio": 0.36, "G_Voigt": 7.0, "elastic_anisotropy": 12.18}, "unit_cell_formula": {"Li": 1.0}, "hubbards": {}, "energy_per_atom": -1.90885558, "band_gap": 0.0, "density": 0.5728333436249405, "incar": null, "kpoints": null, "nsites": 1, "icsd_id": 151210, "conventional_lattice": [[3.426817189703748, 0.0, 2.0983203513169116e-16], [-2.0983203513169116e-16, 3.426817189703748, 2.0983203513169116e-16], [0.0, 0.0, 3.426817189703748]], "volrat": 0.25820563208034564, "elements": ["Li"], "pretty_formula": "Li", "volume": 20.120687419703444, "is_hubbard": false, "formation_energy_per_atom": 0.0, "cif": "# generated using pymatgen\ndata_Li\n_symmetry_space_group_name_H-M   'P 1'\n_cell_length_a   2.96771074\n_cell_length_b   2.96771074\n_cell_length_c   2.96771074\n_cell_angle_alpha   109.47122058\n_cell_angle_beta   109.47122056\n_cell_angle_gamma   109.47122073\n_symmetry_Int_Tables_number   1\n_chemical_formula_structural   Li\n_chemical_formula_sum   Li1\n_cell_volume   20.1206874197\n_cell_formula_units_Z   1\nloop_\n _symmetry_equiv_pos_site_id\n _symmetry_equiv_pos_as_xyz\n  1  'x, y, z'\nloop_\n _atom_site_type_symbol\n _atom_site_label\n _atom_site_symmetry_multiplicity\n _atom_site_fract_x\n _atom_site_fract_y\n _atom_site_fract_z\n _atom_site_occupancy\n  Li  Li1  1  0.000000  0.000000  0.000000  1\n", "task_id": "mp-135", "nelements": 1, "e_above_hull": 0, "is_compatible": true, "coord": 10.1606096873118, "potcar": null, "lengths_and_angles": [[3.426817189703748, 3.426817189703748, 3.426817189703748], [90.0, 90.0, 90.0]], "dos": {"GGA": {"oid": "56a9eafdc9fc50299616face", "fs_id": "56a92943f496093458b7e5f0", "task_id": "mp-990459"}}}, {"energy": -13.62745799, "elasticity": {"elastic_tensor": [[46.0, 31.0, 31.0, 0.0, 0.0, 0.0], [31.0, 46.0, 31.0, 0.0, 0.0, 0.0], [31.0, 31.0, 46.0, 0.0, 0.0, 0.0], [0.0, 0.0, 0.0, 33.0, 0.0, 0.0], [0.0, 0.0, 0.0, 0.0, 33.0, 0.0], [0.0, 0.0, 0.0, 0.0, 0.0, 33.0]], "compliance_tensor": [[48.7, -19.7, -19.7, 0.0, 0.0, 0.0], [-19.7, 48.7, -19.7, 0.0, 0.0, 0.0], [-19.7, -19.7, 48.7, 0.0, 0.0, 0.0], [0.0, 0.0, 0.0, 30.0, 0.0, 0.0], [0.0, 0.0, 0.0, 0.0, 30.0, 0.0], [0.0, 0.0, 0.0, 0.0, 0.0, 30.0]], "G_Voigt_Reuss_Hill": 18.0, "G_Reuss": 14.0, "elastic_tensor_original": [[46.22639813756059, 31.334155510700324, 31.339338191597747, 0.0, 0.0, 0.0], [31.490409442471964, 45.89006246529874, 31.339338191597747, 0.0, 0.0, 0.0], [31.490409442471964, 31.334155510700324, 45.88384466259888, 0.0, 0.0, 0.0], [0.0, 0.0, 0.0, 33.29349093666667, 0.0, 0.0], [0.0, 0.0, 0.0, 0.0, 33.29349116, 0.0], [0.0, 0.0, 0.0, 0.0, 0.0, 33.293485986666674]], "K_Voigt_Reuss_Hill": 36.0, "K_Reuss": 36.0, "universal_anisotropy": 3.33, "K_VRH": 36.0, "elastic_tensor_orig_symmetrized": [[46.00010175515274, 31.387967714923263, 31.387967714923256, 1.9219587096910655e-15, 2.8166938687450175e-15, -5.9992352275441814e-15], [31.387967714923263, 46.00010175515275, 31.387967714923256, 2.816693868745019e-15, 1.921958709691066e-15, -2.8166938687450175e-15], [31.387967714923256, 31.387967714923256, 46.00010175515268, 5.9992352275441814e-15, 5.9992352275441846e-15, -1.921958709691066e-15], [1.9219587096910655e-15, 2.816693868745019e-15, 5.9992352275441814e-15, 33.293489361111085, -2.038638258926563e-15, 2.038638258926563e-15], [2.8166938687450175e-15, 1.921958709691066e-15, 5.9992352275441846e-15, -2.038638258926563e-15, 33.2934893611111, 2.038638258926562e-15], [-5.9992352275441814e-15, -2.8166938687450175e-15, -1.921958709691066e-15, 2.038638258926563e-15, 2.038638258926562e-15, 33.293489361111064]], "state": "successful", "G_VRH": 18.0, "homogeneous_poisson": 0.28, "K_Voigt": 36.0, "warnings": null, "poisson_ratio": 0.28, "G_Voigt": 23.0, "elastic_anisotropy": 3.33}, "unit_cell_formula": {"Tc": 1.0, "Li": 3.0}, "hubbards": {}, "energy_per_atom": -3.4068644975, "band_gap": 0.0, "density": 3.3039706117454797, "incar": null, "kpoints": null, "nsites": 4, "icsd_id": null, "conventional_lattice": [[6.204752502355819, 0.0, 3.799315145755792e-16], [-3.799315145755792e-16, 6.204752502355819, 3.799315145755792e-16], [0.0, 0.0, 6.204752502355819]], "volrat": 0.2581988016236679, "elements": ["Li", "Tc"], "pretty_formula": "Li3Tc", "volume": 59.71911962792685, "is_hubbard": false, "formation_energy_per_atom": 0.6144494862499998, "cif": "# generated using pymatgen\ndata_Li3Tc\n_symmetry_space_group_name_H-M   'P 1'\n_cell_length_a   4.38742257\n_cell_length_b   4.38742257\n_cell_length_c   4.38742257\n_cell_angle_alpha   60.00000000\n_cell_angle_beta   60.00000000\n_cell_angle_gamma   60.00000000\n_symmetry_Int_Tables_number   1\n_chemical_formula_structural   Li3Tc\n_chemical_formula_sum   'Li3 Tc1'\n_cell_volume   59.7191196279\n_cell_formula_units_Z   1\nloop_\n _symmetry_equiv_pos_site_id\n _symmetry_equiv_pos_as_xyz\n  1  'x, y, z'\nloop_\n _atom_site_type_symbol\n _atom_site_label\n _atom_site_symmetry_multiplicity\n _atom_site_fract_x\n _atom_site_fract_y\n _atom_site_fract_z\n _atom_site_occupancy\n  Li  Li1  1  0.000000  0.000000  0.000000  1\n  Li  Li2  1  0.500000  0.500000  0.500000  1\n  Li  Li3  1  0.249999  0.249999  0.249999  1\n  Tc  Tc4  1  0.749999  0.749999  0.749999  1\n", "task_id": "mp-976334", "nelements": 2, "e_above_hull": 0.6144494862499998, "is_compatible": true, "coord": 10.160492123798164, "potcar": null, "lengths_and_angles": [[6.204752502355819, 6.204752502355819, 6.204752502355819], [90.0, 90.0, 90.0]], "dos": {"GGA": {"oid": "58b13126dd16a66a79f62a30", "fs_id": "55fb6dfb05bc57075c22bdb6", "task_id": "mp-976504"}}}, {"energy": -18.49272512, "elasticity": {"elastic_tensor": [[154.0, 107.0, 107.0, 0.0, 0.0, 0.0], [107.0, 154.0, 107.0, 0.0, 0.0, 0.0], [107.0, 107.0, 154.0, 0.0, 0.0, 0.0], [0.0, 0.0, 0.0, 60.0, 0.0, 0.0], [0.0, 0.0, 0.0, 0.0, 60.0, 0.0], [0.0, 0.0, 0.0, 0.0, 0.0, 60.0]], "compliance_tensor": [[15.1, -6.2, -6.2, 0.0, 0.0, 0.0], [-6.2, 15.1, -6.2, 0.0, 0.0, 0.0], [-6.2, -6.2, 15.1, 0.0, 0.0, 0.0], [0.0, 0.0, 0.0, 16.6, 0.0, 0.0], [0.0, 0.0, 0.0, 0.0, 16.6, 0.0], [0.0, 0.0, 0.0, 0.0, 0.0, 16.6]], "G_Voigt_Reuss_Hill": 41.0, "G_Reuss": 37.0, "elastic_tensor_original": [[153.75456730643435, 106.78135292151515, 106.7819381995229, 0.0, 0.0, 0.0], [106.78090887146291, 153.75467861705826, 106.7819381995229, 0.0, 0.0, 0.0], [106.78090887146291, 106.78135292151515, 153.75459036322957, 0.0, 0.0, 0.0], [0.0, 0.0, 0.0, 60.362058200000014, 0.0, 0.0], [0.0, 0.0, 0.0, 0.0, 60.36215930000001, 0.0], [0.0, 0.0, 0.0, 0.0, 0.0, 60.362006760000014]], "K_Voigt_Reuss_Hill": 122.0, "K_Reuss": 122.0, "universal_anisotropy": 1.15, "K_VRH": 122.0, "elastic_tensor_orig_symmetrized": [[153.75461209557398, 106.78139999750036, 106.78139999750036, 6.538474985770598e-15, 9.414754677849382e-15, -1.3930697149426892e-14], [106.78139999750036, 153.75461209557412, 106.78139999750037, 9.414754677849384e-15, 6.538474985770596e-15, -9.414754677849385e-15], [106.78139999750036, 106.78139999750037, 153.7546120955739, 1.3930697149426895e-14, 1.3930697149426894e-14, -6.538474985770599e-15], [6.538474985770598e-15, 9.414754677849384e-15, 1.3930697149426895e-14, 60.36207475333328, -3.6961110818281455e-15, 3.6961110818281455e-15], [9.414754677849382e-15, 6.538474985770596e-15, 1.3930697149426894e-14, -3.6961110818281455e-15, 60.36207475333335, 3.696111081828145e-15], [-1.3930697149426892e-14, -9.414754677849385e-15, -6.538474985770599e-15, 3.6961110818281455e-15, 3.696111081828145e-15, 60.3620747533333]], "state": "successful", "G_VRH": 41.0, "homogeneous_poisson": 0.35, "K_Voigt": 122.0, "warnings": null, "poisson_ratio": 0.35, "G_Voigt": 46.0, "elastic_anisotropy": 1.15}, "unit_cell_formula": {"Pd": 3.0, "Li": 1.0}, "hubbards": {}, "energy_per_atom": -4.62318128, "band_gap": 0.2368999999999999, "density": 9.120450065835776, "incar": null, "kpoints": null, "nsites": 4, "icsd_id": null, "conventional_lattice": [[3.901569606666667, 0.0, 2.389022365227466e-16], [-2.389022365227466e-16, 3.901569606666667, 2.389022365227466e-16], [0.0, 0.0, 3.901569606666667]], "volrat": 0.38035521923584215, "elements": ["Li", "Pd"], "pretty_formula": "LiPd3", "volume": 59.390649875728855, "is_hubbard": false, "formation_energy_per_atom": -0.2664143724999999, "cif": "# generated using pymatgen\ndata_LiPd3\n_symmetry_space_group_name_H-M   'P 1'\n_cell_length_a   3.90153845\n_cell_length_b   3.90142320\n_cell_length_c   3.90174717\n_cell_angle_alpha   90.00000602\n_cell_angle_beta   90.00003510\n_cell_angle_gamma   89.99999119\n_symmetry_Int_Tables_number   1\n_chemical_formula_structural   LiPd3\n_chemical_formula_sum   'Li1 Pd3'\n_cell_volume   59.3906498757\n_cell_formula_units_Z   1\nloop_\n _symmetry_equiv_pos_site_id\n _symmetry_equiv_pos_as_xyz\n  1  'x, y, z'\nloop_\n _atom_site_type_symbol\n _atom_site_label\n _atom_site_symmetry_multiplicity\n _atom_site_fract_x\n _atom_site_fract_y\n _atom_site_fract_z\n _atom_site_occupancy\n  Li  Li1  1  0.000000  0.000000  0.000000  1\n  Pd  Pd2  1  0.000001  0.500000  0.500000  1\n  Pd  Pd3  1  0.500000  0.000001  0.500001  1\n  Pd  Pd4  1  0.500001  0.500001  0.000001  1\n", "task_id": "mp-861936", "nelements": 2, "e_above_hull": 0, "is_compatible": true, "coord": 11.998105661402409, "potcar": null, "lengths_and_angles": [[3.901569606666667, 3.901569606666667, 3.901569606666667], [90.0, 90.0, 90.0]], "dos": null}, {"energy": -21.74308516, "elasticity": {"elastic_tensor": [[258.0, 140.0, 140.0, 0.0, 0.0, 0.0], [140.0, 258.0, 140.0, 0.0, 0.0, 0.0], [140.0, 140.0, 258.0, 0.0, 0.0, 0.0], [0.0, 0.0, 0.0, 107.0, 0.0, 0.0], [0.0, 0.0, 0.0, 0.0, 107.0, 0.0], [0.0, 0.0, 0.0, 0.0, 0.0, 107.0]], "compliance_tensor": [[6.3, -2.2, -2.2, 0.0, 0.0, 0.0], [-2.2, 6.3, -2.2, 0.0, 0.0, 0.0], [-2.2, -2.2, 6.3, 0.0, 0.0, 0.0], [0.0, 0.0, 0.0, 9.4, 0.0, 0.0], [0.0, 0.0, 0.0, 0.0, 9.4, 0.0], [0.0, 0.0, 0.0, 0.0, 0.0, 9.4]], "G_Voigt_Reuss_Hill": 84.0, "G_Reuss": 81.0, "elastic_tensor_original": [[257.99683452315656, 140.1929125399173, 140.19319908980546, 0.0, 0.0, 0.0], [140.1928518219089, 257.9978773888653, 140.19319908980546, 0.0, 0.0, 0.0], [140.1928518219089, 140.1929125399173, 257.9986579841495, 0.0, 0.0, 0.0], [0.0, 0.0, 0.0, 106.74207161666666, 0.0, 0.0], [0.0, 0.0, 0.0, 0.0, 106.74200507, 0.0], [0.0, 0.0, 0.0, 0.0, 0.0, 106.74192784333339]], "K_Voigt_Reuss_Hill": 179.0, "K_Reuss": 179.0, "universal_anisotropy": 0.44, "K_VRH": 179.0, "elastic_tensor_orig_symmetrized": [[257.9977899653906, 140.19298781721062, 140.19298781721068, 8.584344689662536e-15, 1.579780838341033e-14, -2.1656469738042887e-14], [140.19298781721062, 257.9977899653905, 140.19298781721062, 1.5797808383410327e-14, 8.584344689662536e-15, -1.5797808383410327e-14], [140.19298781721068, 140.19298781721062, 257.9977899653905, 2.1656469738042887e-14, 2.165646973804288e-14, -8.584344689662536e-15], [8.584344689662536e-15, 1.5797808383410327e-14, 2.1656469738042887e-14, 106.74200151000014, -6.536062524190176e-15, 6.536062524190174e-15], [1.579780838341033e-14, 8.584344689662536e-15, 2.165646973804288e-14, -6.536062524190176e-15, 106.74200151000008, 6.536062524190173e-15], [-2.1656469738042887e-14, -1.5797808383410327e-14, -8.584344689662536e-15, 6.536062524190174e-15, 6.536062524190173e-15, 106.7420015100001]], "state": "successful", "G_VRH": 84.0, "homogeneous_poisson": 0.3, "K_Voigt": 179.0, "warnings": null, "poisson_ratio": 0.3, "G_Voigt": 88.0, "elastic_anisotropy": 0.44}, "unit_cell_formula": {"Pt": 3.0, "Li": 1.0}, "hubbards": {}, "energy_per_atom": -5.43577129, "band_gap": 0, "density": 16.69233676530193, "incar": null, "kpoints": null, "nsites": 4, "icsd_id": null, "conventional_lattice": [[3.8910343399999996, 0.0, 2.382571374926717e-16], [-2.382571374926717e-16, 3.8910343399999996, 2.382571374926717e-16], [0.0, 0.0, 3.8910343399999996]], "volrat": 0.3804977281286083, "elements": ["Li", "Pt"], "pretty_formula": "LiPt3", "volume": 58.91083669530588, "is_hubbard": false, "formation_energy_per_atom": -0.4174249724999992, "cif": "# generated using pymatgen\ndata_LiPt3\n_symmetry_space_group_name_H-M   'P 1'\n_cell_length_a   3.89103434\n_cell_length_b   3.89103434\n_cell_length_c   3.89103434\n_cell_angle_alpha   90.00000000\n_cell_angle_beta   90.00000000\n_cell_angle_gamma   90.00000000\n_symmetry_Int_Tables_number   1\n_chemical_formula_structural   LiPt3\n_chemical_formula_sum   'Li1 Pt3'\n_cell_volume   58.9108366953\n_cell_formula_units_Z   1\nloop_\n _symmetry_equiv_pos_site_id\n _symmetry_equiv_pos_as_xyz\n  1  'x, y, z'\nloop_\n _atom_site_type_symbol\n _atom_site_label\n _atom_site_symmetry_multiplicity\n _atom_site_fract_x\n _atom_site_fract_y\n _atom_site_fract_z\n _atom_site_occupancy\n  Li  Li1  1  0.000000  0.000000  0.000000  1\n  Pt  Pt2  1  0.000000  0.500000  0.500000  1\n  Pt  Pt3  1  0.500000  0.500000  0.000000  1\n  Pt  Pt4  1  0.500000  0.000000  0.500000  1\n", "task_id": "mp-861931", "nelements": 2, "e_above_hull": 0, "is_compatible": true, "coord": 11.999999999999998, "potcar": null, "lengths_and_angles": [[3.8910343399999996, 3.8910343399999996, 3.8910343399999996], [90.0, 90.0, 90.0]], "dos": null}, {"energy": -9.44417271, "elasticity": {"elastic_tensor": [[30.0, 23.0, 23.0, 0.0, 0.0, 0.0], [23.0, 30.0, 23.0, 0.0, 0.0, 0.0], [23.0, 23.0, 30.0, 0.0, 0.0, 0.0], [0.0, 0.0, 0.0, 26.0, 0.0, 0.0], [0.0, 0.0, 0.0, 0.0, 26.0, 0.0], [0.0, 0.0, 0.0, 0.0, 0.0, 26.0]], "compliance_tensor": [[92.9, -39.8, -39.8, 0.0, 0.0, 0.0], [-39.8, 92.9, -39.8, 0.0, 0.0, 0.0], [-39.8, -39.8, 92.9, 0.0, 0.0, 0.0], [0.0, 0.0, 0.0, 39.1, 0.0, 0.0], [0.0, 0.0, 0.0, 0.0, 39.1, 0.0], [0.0, 0.0, 0.0, 0.0, 0.0, 39.1]], "G_Voigt_Reuss_Hill": 12.0, "G_Reuss": 8.0, "elastic_tensor_original": [[30.171467891793153, 22.638405123721228, 22.632646836911583, 0.0, 0.0, 0.0], [22.63609761857594, 30.17286451623715, 22.632646836911583, 0.0, 0.0, 0.0], [22.63609761857594, 22.638405123721228, 30.166500224036287, 0.0, 0.0, 0.0], [0.0, 0.0, 0.0, 25.581548729999994, 0.0, 0.0], [0.0, 0.0, 0.0, 0.0, 25.58142797, 0.0], [0.0, 0.0, 0.0, 0.0, 0.0, 25.581651370000003]], "K_Voigt_Reuss_Hill": 25.0, "K_Reuss": 25.0, "universal_anisotropy": 5.93, "K_VRH": 25.0, "elastic_tensor_orig_symmetrized": [[30.170277544022202, 22.635716526402963, 22.635716526402952, 1.3860378895233078e-15, 1.847396691183701e-15, -4.518873326779291e-15], [22.635716526402963, 30.170277544022202, 22.635716526402952, 1.8473966911837014e-15, 1.3860378895233076e-15, -1.8473966911837e-15], [22.635716526402952, 22.635716526402952, 30.170277544022213, 4.518873326779292e-15, 4.518873326779291e-15, -1.3860378895233078e-15], [1.3860378895233078e-15, 1.8473966911837014e-15, 4.518873326779292e-15, 25.581542689999996, -1.566417718627993e-15, 1.5664177186279925e-15], [1.847396691183701e-15, 1.3860378895233076e-15, 4.518873326779291e-15, -1.566417718627993e-15, 25.581542689999978, 1.5664177186279925e-15], [-4.518873326779291e-15, -1.8473966911837e-15, -1.3860378895233078e-15, 1.5664177186279925e-15, 1.5664177186279925e-15, 25.581542689999967]], "state": "successful", "G_VRH": 12.0, "homogeneous_poisson": 0.29, "K_Voigt": 25.0, "warnings": null, "poisson_ratio": 0.29, "G_Voigt": 17.0, "elastic_anisotropy": 5.93}, "unit_cell_formula": {"Li": 3.0, "In": 1.0}, "hubbards": {}, "energy_per_atom": -2.3610431775, "band_gap": 0, "density": 3.0622207750719546, "incar": null, "kpoints": null, "nsites": 4, "icsd_id": null, "conventional_lattice": [[6.651013743791647, 0.0, 4.0725713462097473e-16], [-4.0725713462097473e-16, 6.651013743791647, 4.0725713462097473e-16], [0.0, 0.0, 6.651013743791647]], "volrat": 0.2582026913348802, "elements": ["In", "Li"], "pretty_formula": "Li3In", "volume": 73.55353396362102, "is_hubbard": false, "formation_energy_per_atom": -0.24901082000000008, "cif": "# generated using pymatgen\ndata_Li3In\n_symmetry_space_group_name_H-M   'P 1'\n_cell_length_a   4.70297692\n_cell_length_b   4.70297692\n_cell_length_c   4.70297692\n_cell_angle_alpha   60.00000000\n_cell_angle_beta   60.00000000\n_cell_angle_gamma   60.00000000\n_symmetry_Int_Tables_number   1\n_chemical_formula_structural   Li3In\n_chemical_formula_sum   'Li3 In1'\n_cell_volume   73.5535339636\n_cell_formula_units_Z   1\nloop_\n _symmetry_equiv_pos_site_id\n _symmetry_equiv_pos_as_xyz\n  1  'x, y, z'\nloop_\n _atom_site_type_symbol\n _atom_site_label\n _atom_site_symmetry_multiplicity\n _atom_site_fract_x\n _atom_site_fract_y\n _atom_site_fract_z\n _atom_site_occupancy\n  Li  Li1  1  0.000000  0.000000  0.000000  1\n  Li  Li2  1  0.500000  0.500000  0.500000  1\n  Li  Li3  1  0.250000  0.250000  0.250000  1\n  In  In4  1  0.750001  0.750001  0.750001  1\n", "task_id": "mp-867226", "nelements": 2, "e_above_hull": 0.00026372464285628894, "is_compatible": true, "coord": 10.16055907244813, "potcar": null, "lengths_and_angles": [[6.651013743791647, 6.651013743791647, 6.651013743791647], [90.0, 90.0, 90.0]], "dos": null}, {"energy": -46.35765145, "elasticity": {"elastic_tensor": [[303.0, 179.0, 179.0, -0.0, 0.0, -0.0], [179.0, 303.0, 179.0, -0.0, 0.0, -0.0], [179.0, 179.0, 303.0, -0.0, 0.0, -0.0], [-0.0, -0.0, -0.0, 100.0, -0.0, 0.0], [0.0, 0.0, 0.0, -0.0, 100.0, -0.0], [-0.0, -0.0, -0.0, 0.0, -0.0, 100.0]], "compliance_tensor": [[5.9, -2.2, -2.2, -0.0, -0.0, 0.0], [-2.2, 5.9, -2.2, 0.0, 0.0, 0.0], [-2.2, -2.2, 5.9, 0.0, -0.0, -0.0], [-0.0, 0.0, 0.0, 10.0, 0.0, -0.0], [-0.0, 0.0, -0.0, 0.0, 10.0, 0.0], [0.0, 0.0, -0.0, -0.0, 0.0, 10.0]], "G_Voigt_Reuss_Hill": 83.0, "G_Reuss": 80.0, "elastic_tensor_original": [[302.6867514823236, 178.65683726589077, 178.56861592581086, 0.0, 0.0, 0.0], [178.64449066554045, 302.720812217482, 178.5888609903823, 0.0, 0.0, 0.0], [178.5729756644373, 178.59415941665372, 302.60622753119577, 0.0, 0.0, 0.0], [0.0, 0.0, 0.0, 100.11494571333336, 0.0, 0.0], [0.0, 0.0, 0.0, 0.0, 100.11496778666667, 0.0], [0.10738991173174704, 0.1145935577612379, 0.0, 0.0, 0.0, 100.11500513333333]], "K_Voigt_Reuss_Hill": 220.0, "K_Reuss": 220.0, "universal_anisotropy": 0.28, "K_VRH": 220.0, "elastic_tensor_orig_symmetrized": [[302.67126374366734, 178.60432332145254, 178.60432332145245, 1.0936360643474782e-14, 1.853352766710725e-14, -2.319623177678302e-14], [178.60432332145254, 302.6712637436671, 178.6043233214525, 1.853357254146841e-14, 1.0936360643474778e-14, -1.8533442963567484e-14], [178.60432332145245, 178.6043233214525, 302.67126374366734, 2.3196284668184004e-14, 2.319594817445507e-14, -1.0936360643474788e-14], [1.0936360643474782e-14, 1.853357254146841e-14, 2.3196284668184004e-14, 100.11497287777757, -6.130274054074723e-15, 6.13027405407472e-15], [1.853352766710725e-14, 1.0936360643474778e-14, 2.319594817445507e-14, -6.130274054074723e-15, 100.11497287777756, 6.130274054074723e-15], [-2.319623177678302e-14, -1.8533442963567484e-14, -1.0936360643474788e-14, 6.13027405407472e-15, 6.130274054074723e-15, 100.11497287777765]], "state": "successful", "G_VRH": 83.0, "homogeneous_poisson": 0.33, "K_Voigt": 220.0, "warnings": null, "poisson_ratio": 0.33, "G_Voigt": 85.0, "elastic_anisotropy": 0.28}, "unit_cell_formula": {"Pt": 7.0, "Li": 1.0}, "hubbards": {}, "energy_per_atom": -5.79470643125, "band_gap": 0.013200000000000323, "density": 18.712189949700367, "incar": null, "kpoints": null, "nsites": 8, "icsd_id": 104779, "conventional_lattice": [[7.868681879856395, 0.0, 4.818178038837457e-16], [-4.818178038837457e-16, 7.868681879856395, 4.818178038837457e-16], [0.0, 0.0, 7.868681879856395]], "volrat": 0.3804977238824826, "elements": ["Li", "Pt"], "pretty_formula": "LiPt7", "volume": 121.79963065935554, "is_hubbard": false, "formation_energy_per_atom": -0.25811165749999976, "cif": "# generated using pymatgen\ndata_LiPt7\n_symmetry_space_group_name_H-M   'P 1'\n_cell_length_a   5.56399832\n_cell_length_b   5.56399832\n_cell_length_c   5.56399831\n_cell_angle_alpha   59.99999997\n_cell_angle_beta   59.99999999\n_cell_angle_gamma   60.00000001\n_symmetry_Int_Tables_number   1\n_chemical_formula_structural   LiPt7\n_chemical_formula_sum   'Li1 Pt7'\n_cell_volume   121.799630659\n_cell_formula_units_Z   1\nloop_\n _symmetry_equiv_pos_site_id\n _symmetry_equiv_pos_as_xyz\n  1  'x, y, z'\nloop_\n _atom_site_type_symbol\n _atom_site_label\n _atom_site_symmetry_multiplicity\n _atom_site_fract_x\n _atom_site_fract_y\n _atom_site_fract_z\n _atom_site_occupancy\n  Li  Li1  1  0.500000  0.500000  0.500000  1\n  Pt  Pt2  1  0.000000  0.000000  0.000000  1\n  Pt  Pt3  1  0.500000  0.000000  0.000000  1\n  Pt  Pt4  1  0.000000  0.000000  0.500000  1\n  Pt  Pt5  1  0.500000  0.500000  0.000000  1\n  Pt  Pt6  1  0.000000  0.500000  0.500000  1\n  Pt  Pt7  1  0.000000  0.500000  0.000000  1\n  Pt  Pt8  1  0.500000  0.000000  0.500000  1\n", "task_id": "mp-30765", "nelements": 2, "e_above_hull": 0, "is_compatible": true, "coord": 11.999999943564255, "potcar": null, "lengths_and_angles": [[7.868681879856395, 7.868681879856395, 7.868681879856395], [90.0, 90.0, 90.0]], "dos": null}, {"energy": -6.63267599, "elasticity": {"elastic_tensor": [[37.0, 13.0, 13.0, 0.0, 0.0, 0.0], [13.0, 37.0, 13.0, 0.0, 0.0, 0.0], [13.0, 13.0, 37.0, 0.0, 0.0, 0.0], [0.0, 0.0, 0.0, 19.0, 0.0, 0.0], [0.0, 0.0, 0.0, 0.0, 19.0, 0.0], [0.0, 0.0, 0.0, 0.0, 0.0, 19.0]], "compliance_tensor": [[33.3, -8.7, -8.7, 0.0, 0.0, 0.0], [-8.7, 33.3, -8.7, 0.0, 0.0, 0.0], [-8.7, -8.7, 33.3, 0.0, 0.0, 0.0], [0.0, 0.0, 0.0, 51.6, 0.0, 0.0], [0.0, 0.0, 0.0, 0.0, 51.6, 0.0], [0.0, 0.0, 0.0, 0.0, 0.0, 51.6]], "G_Voigt_Reuss_Hill": 16.0, "G_Reuss": 15.0, "elastic_tensor_original": [[36.94227702271683, 13.123014908316172, 13.12296495374716, 0.0, 0.0, 0.0], [13.12333912434246, 36.94195366398571, 13.12296495374716, 0.0, 0.0, 0.0], [13.12333912434246, 13.123014908316172, 36.94190116713101, 0.0, 0.0, 0.0], [0.0, 0.0, 0.0, 19.393001503333338, 0.0, 0.0], [0.0, 0.0, 0.0, 0.0, 19.392993973333336, 0.0], [0.0, 0.0, 0.0, 0.0, 0.0, 19.39299894000001]], "K_Voigt_Reuss_Hill": 21.0, "K_Reuss": 21.0, "universal_anisotropy": 0.29, "K_VRH": 21.0, "elastic_tensor_orig_symmetrized": [[36.942043951277725, 13.123106328801939, 13.123106328801946, 8.035585080218826e-16, 2.2620477939446604e-15, -3.178515817687968e-15], [13.123106328801939, 36.94204395127773, 13.12310632880194, 2.2620477939446612e-15, 8.035585080218824e-16, -2.2620477939446612e-15], [13.123106328801946, 13.12310632880194, 36.94204395127773, 3.1785158176879676e-15, 3.178515817687968e-15, -8.035585080218825e-16], [8.035585080218826e-16, 2.2620477939446612e-15, 3.1785158176879676e-15, 19.392998138888917, -1.1874786548330425e-15, 1.1874786548330425e-15], [2.2620477939446604e-15, 8.035585080218824e-16, 3.178515817687968e-15, -1.1874786548330425e-15, 19.39299813888891, 1.1874786548330425e-15], [-3.178515817687968e-15, -2.2620477939446612e-15, -8.035585080218825e-16, 1.1874786548330425e-15, 1.1874786548330425e-15, 19.392998138888917]], "state": "successful", "G_VRH": 16.0, "homogeneous_poisson": 0.2, "K_Voigt": 21.0, "warnings": null, "poisson_ratio": 0.2, "G_Voigt": 16.0, "elastic_anisotropy": 0.29}, "unit_cell_formula": {"Br": 1.0, "Li": 1.0}, "hubbards": {}, "energy_per_atom": -3.316337995, "band_gap": 4.9234, "density": 3.4418264543231745, "incar": null, "kpoints": null, "nsites": 2, "icsd_id": 27982, "conventional_lattice": [[5.513427062999521, 0.0, 3.376000402517378e-16], [-3.376000402517378e-16, 5.513427062999521, 3.376000402517378e-16], [0.0, 0.0, 5.513427062999521]], "volrat": 0.08406201903866899, "elements": ["Br", "Li"], "pretty_formula": "LiBr", "volume": 41.899120861572726, "is_hubbard": false, "formation_energy_per_atom": -1.5474028149999999, "cif": "# generated using pymatgen\ndata_LiBr\n_symmetry_space_group_name_H-M   'P 1'\n_cell_length_a   3.89858166\n_cell_length_b   3.89858166\n_cell_length_c   3.89858167\n_cell_angle_alpha   60.00000004\n_cell_angle_beta   60.00000003\n_cell_angle_gamma   59.99999998\n_symmetry_Int_Tables_number   1\n_chemical_formula_structural   LiBr\n_chemical_formula_sum   'Li1 Br1'\n_cell_volume   41.8991208616\n_cell_formula_units_Z   1\nloop_\n _symmetry_equiv_pos_site_id\n _symmetry_equiv_pos_as_xyz\n  1  'x, y, z'\nloop_\n _atom_site_type_symbol\n _atom_site_label\n _atom_site_symmetry_multiplicity\n _atom_site_fract_x\n _atom_site_fract_y\n _atom_site_fract_z\n _atom_site_occupancy\n  Li  Li1  1  0.000000  0.000000  0.000000  1\n  Br  Br2  1  0.500000  0.500000  0.500000  1\n", "task_id": "mp-23259", "nelements": 2, "e_above_hull": 0.0254924700000001, "is_compatible": true, "coord": 6.000000008999982, "potcar": null, "lengths_and_angles": [[5.513427062999521, 5.513427062999521, 5.513427062999521], [90.0, 90.0, 90.0]], "dos": {"GGA": {"oid": "57caef08723b333a719e6bf4", "fs_id": "5240738255d123563ac3eca1", "task_id": "mp-656482"}}}, {"energy": -13.16024496, "elasticity": {"elastic_tensor": [[119.0, 89.0, 89.0, 0.0, 0.0, 0.0], [89.0, 119.0, 89.0, 0.0, 0.0, 0.0], [89.0, 89.0, 119.0, 0.0, 0.0, 0.0], [0.0, 0.0, 0.0, 34.0, 0.0, 0.0], [0.0, 0.0, 0.0, 0.0, 34.0, 0.0], [0.0, 0.0, 0.0, 0.0, 0.0, 34.0]], "compliance_tensor": [[23.5, -10.1, -10.1, 0.0, 0.0, 0.0], [-10.1, 23.5, -10.1, 0.0, 0.0, 0.0], [-10.1, -10.1, 23.5, 0.0, 0.0, 0.0], [0.0, 0.0, 0.0, 29.3, 0.0, 0.0], [0.0, 0.0, 0.0, 0.0, 29.3, 0.0], [0.0, 0.0, 0.0, 0.0, 0.0, 29.3]], "G_Voigt_Reuss_Hill": 24.0, "G_Reuss": 22.0, "elastic_tensor_original": [[118.64384725065955, 88.89139372776054, 88.89223849595868, 0.0, 0.0, 0.0], [88.89102258567321, 118.6446719167208, 88.89223849595868, 0.0, 0.0, 0.0], [88.89102258567321, 88.89139372776054, 118.64544532802029, 0.0, 0.0, 0.0], [0.0, 0.0, 0.0, 34.15738962333332, 0.0, 0.0], [0.0, 0.0, 0.0, 0.0, 34.15747713666668, 0.0], [0.0, 0.0, 0.0, 0.0, 0.0, 34.15738564666667]], "K_Voigt_Reuss_Hill": 99.0, "K_Reuss": 99.0, "universal_anisotropy": 0.88, "K_VRH": 99.0, "elastic_tensor_orig_symmetrized": [[118.64465483180022, 88.89155160313084, 88.89155160313081, 5.443037707100796e-15, 7.264889838785333e-15, -9.626114904142263e-15], [88.89155160313084, 118.64465483180021, 88.89155160313081, 7.264889838785331e-15, 5.443037707100798e-15, -7.264889838785333e-15], [88.89155160313081, 88.89155160313081, 118.64465483180025, 9.626114904142264e-15, 9.626114904142264e-15, -5.443037707100798e-15], [5.443037707100796e-15, 7.264889838785331e-15, 9.626114904142264e-15, 34.15741746888889, -2.0915385985207323e-15, 2.0915385985207323e-15], [7.264889838785333e-15, 5.443037707100798e-15, 9.626114904142264e-15, -2.0915385985207323e-15, 34.15741746888887, 2.0915385985207327e-15], [-9.626114904142263e-15, -7.264889838785333e-15, -5.443037707100798e-15, 2.0915385985207323e-15, 2.0915385985207327e-15, 34.1574174688889]], "state": "successful", "G_VRH": 24.0, "homogeneous_poisson": 0.39, "K_Voigt": 99.0, "warnings": null, "poisson_ratio": 0.39, "G_Voigt": 26.0, "elastic_anisotropy": 0.88}, "unit_cell_formula": {"Au": 3.0, "Li": 1.0}, "hubbards": {}, "energy_per_atom": -3.29006124, "band_gap": 0.0, "density": 14.686375032198281, "incar": null, "kpoints": null, "nsites": 4, "icsd_id": 58525, "conventional_lattice": [[4.07355242, 0.0, 2.4943314661559775e-16], [-2.4943314661559775e-16, 4.07355242, 2.4943314661559775e-16], [0.0, 0.0, 4.07355242]], "volrat": 0.3804977281286083, "elements": ["Au", "Li"], "pretty_formula": "LiAu3", "volume": 67.59583357739318, "is_hubbard": false, "formation_energy_per_atom": -0.357178985, "cif": "# generated using pymatgen\ndata_LiAu3\n_symmetry_space_group_name_H-M   'P 1'\n_cell_length_a   4.07355242\n_cell_length_b   4.07355242\n_cell_length_c   4.07355242\n_cell_angle_alpha   90.00000000\n_cell_angle_beta   90.00000000\n_cell_angle_gamma   90.00000000\n_symmetry_Int_Tables_number   1\n_chemical_formula_structural   LiAu3\n_chemical_formula_sum   'Li1 Au3'\n_cell_volume   67.5958335774\n_cell_formula_units_Z   1\nloop_\n _symmetry_equiv_pos_site_id\n _symmetry_equiv_pos_as_xyz\n  1  'x, y, z'\nloop_\n _atom_site_type_symbol\n _atom_site_label\n _atom_site_symmetry_multiplicity\n _atom_site_fract_x\n _atom_site_fract_y\n _atom_site_fract_z\n _atom_site_occupancy\n  Li  Li1  1  0.000000  0.000000  0.000000  1\n  Au  Au2  1  0.500000  0.500000  0.000000  1\n  Au  Au3  1  0.500000  0.000000  0.500000  1\n  Au  Au4  1  0.000000  0.500000  0.500000  1\n", "task_id": "mp-11248", "nelements": 2, "e_above_hull": 0, "is_compatible": true, "coord": 12.0, "potcar": null, "lengths_and_angles": [[4.07355242, 4.07355242, 4.07355242], [90.0, 90.0, 90.0]], "dos": {"GGA": {"oid": "56bb320a643550042d8314bb", "fs_id": "54cdb6670c972a438428d6b9", "task_id": "mp-928142"}}}, {"energy": -12.03111074, "elasticity": {"elastic_tensor": [[121.0, -7.0, 35.0, 0.0, 0.0, 0.0], [-7.0, 121.0, 35.0, 0.0, 0.0, 0.0], [35.0, 35.0, 79.0, 0.0, 0.0, 0.0], [0.0, 0.0, 0.0, 60.0, 0.0, 0.0], [0.0, 0.0, 0.0, 0.0, 60.0, 0.0], [0.0, 0.0, 0.0, 0.0, 0.0, 21.0]], "compliance_tensor": [[10.0, 2.2, -5.4, 0.0, 0.0, 0.0], [2.2, 10.0, -5.4, 0.0, 0.0, 0.0], [-5.4, -5.4, 17.6, 0.0, 0.0, 0.0], [0.0, 0.0, 0.0, 16.6, 0.0, 0.0], [0.0, 0.0, 0.0, 0.0, 16.6, 0.0], [0.0, 0.0, 0.0, 0.0, 0.0, 48.1]], "G_Voigt_Reuss_Hill": 40.0, "G_Reuss": 35.0, "elastic_tensor_original": [[120.97355299126467, -6.907557321690081, 35.00543150672285, 0.08841168333333327, 0.0, 0.0], [-6.907591649146987, 120.97272254841099, 35.00543150672285, 0.0, -0.2719091100000001, 0.0], [35.64133962133971, 35.64101847829616, 78.72521574866158, 0.0, 0.11709109666666728, 0.0], [0.0, 0.0, 0.0, 60.31396894000001, -0.2920235466666667, 0.0], [0.0, 0.0, 0.0, 0.3005843933333334, 60.27666440666666, 0.0], [0.0, 0.0, 0.0, -0.2816654033333334, -0.26475567999999994, 20.785620323333333]], "K_Voigt_Reuss_Hill": 50.0, "K_Reuss": 50.0, "universal_anisotropy": 1.49, "K_VRH": 50.0, "elastic_tensor_orig_symmetrized": [[106.89049709611248, 21.246345357040738, 21.246345357040738, 1.3016174055993573e-15, 6.545407686745349e-15, -7.072607051634786e-15], [21.246345357040738, 106.89049709611254, 21.246345357040738, 6.5443010236727755e-15, 1.3027203302358453e-15, -6.5442661038928456e-15], [21.246345357040738, 21.246345357040738, 106.89049709611244, 7.07154014620601e-15, 7.071991185778709e-15, -1.3015812655269409e-15], [1.3016174055993573e-15, 6.5443010236727755e-15, 7.07154014620601e-15, 47.12541788999991, -2.886744069824208e-15, 2.8870135448944012e-15], [6.545407686745349e-15, 1.3027203302358453e-15, 7.071991185778709e-15, -2.886744069824208e-15, 47.12541788999989, 2.8866880577818777e-15], [-7.072607051634786e-15, -6.5442661038928456e-15, -1.3015812655269409e-15, 2.8870135448944012e-15, 2.8866880577818777e-15, 47.12541788999993]], "state": "successful", "G_VRH": 40.0, "homogeneous_poisson": 0.18, "K_Voigt": 50.0, "warnings": null, "poisson_ratio": 0.18, "G_Voigt": 45.0, "elastic_anisotropy": 1.49}, "unit_cell_formula": {"Al": 2.0, "Li": 2.0}, "hubbards": {}, "energy_per_atom": -3.007777685, "band_gap": 0.0, "density": 1.7546644584805593, "incar": null, "kpoints": null, "nsites": 4, "icsd_id": null, "conventional_lattice": [[6.356442412860378, 0.0, 3.8921984274369705e-16], [-3.8921984274369705e-16, 6.356442412860378, 3.8921984274369705e-16], [0.0, 0.0, 6.356442412860378]], "volrat": 0.2582449146768444, "elements": ["Al", "Li"], "pretty_formula": "LiAl", "volume": 64.2056609423812, "is_hubbard": false, "formation_energy_per_atom": -0.17935152000000043, "cif": "# generated using pymatgen\ndata_LiAl\n_symmetry_space_group_name_H-M   'P 1'\n_cell_length_a   4.48283501\n_cell_length_b   4.48283501\n_cell_length_c   4.50064289\n_cell_angle_alpha   119.86919814\n_cell_angle_beta   119.86919821\n_cell_angle_gamma   89.99999994\n_symmetry_Int_Tables_number   1\n_chemical_formula_structural   LiAl\n_chemical_formula_sum   'Li2 Al2'\n_cell_volume   64.2056609424\n_cell_formula_units_Z   2\nloop_\n _symmetry_equiv_pos_site_id\n _symmetry_equiv_pos_as_xyz\n  1  'x, y, z'\nloop_\n _atom_site_type_symbol\n _atom_site_label\n _atom_site_symmetry_multiplicity\n _atom_site_fract_x\n _atom_site_fract_y\n _atom_site_fract_z\n _atom_site_occupancy\n  Li  Li1  1  0.375000  0.625000  0.750000  1\n  Li  Li2  1  0.625000  0.375000  0.250000  1\n  Al  Al3  1  0.875000  0.125000  0.750000  1\n  Al  Al4  1  0.125000  0.875000  0.250000  1\n", "task_id": "mp-1067", "nelements": 2, "e_above_hull": 0, "is_compatible": true, "coord": 10.16128576585038, "potcar": null, "lengths_and_angles": [[6.356442412860378, 6.356442412860378, 6.356442412860378], [90.0, 90.0, 90.0]], "dos": {"GGA": {"oid": "56bb321e64355004578314dd", "fs_id": "54cd49acdb65e442f596706a", "task_id": "mp-927451"}}}, {"energy": -7.14323618, "elasticity": {"elastic_tensor": [[33.0, 22.0, 22.0, 0.0, 0.0, 0.0], [22.0, 33.0, 22.0, 0.0, 0.0, 0.0], [22.0, 22.0, 33.0, 0.0, 0.0, 0.0], [0.0, 0.0, 0.0, 18.0, 0.0, 0.0], [0.0, 0.0, 0.0, 0.0, 18.0, 0.0], [0.0, 0.0, 0.0, 0.0, 0.0, 18.0]], "compliance_tensor": [[65.5, -26.3, -26.3, 0.0, 0.0, 0.0], [-26.3, 65.5, -26.3, 0.0, 0.0, 0.0], [-26.3, -26.3, 65.5, 0.0, 0.0, 0.0], [0.0, 0.0, 0.0, 55.0, 0.0, 0.0], [0.0, 0.0, 0.0, 0.0, 55.0, 0.0], [0.0, 0.0, 0.0, 0.0, 0.0, 55.0]], "G_Voigt_Reuss_Hill": 11.0, "G_Reuss": 9.0, "elastic_tensor_original": [[33.11481996596277, 22.21742058335927, 22.216076373620453, 0.0, 0.0, 0.0], [22.217124791223103, 33.11651438435667, 22.216076373620453, 0.0, 0.0, 0.0], [22.217124791223103, 22.21742058335927, 33.114558696807414, 0.0, 0.0, 0.0], [0.0, 0.0, 0.0, 18.200095076666667, 0.0, 0.0], [0.0, 0.0, 0.0, 0.0, 18.199770510000004, 0.0], [0.0, 0.0, 0.0, 0.0, 0.0, 18.19198751]], "K_Voigt_Reuss_Hill": 26.0, "K_Reuss": 26.0, "universal_anisotropy": 1.97, "K_VRH": 26.0, "elastic_tensor_orig_symmetrized": [[33.115297682375655, 22.216873916067595, 22.21687391606759, 1.3603911764186265e-15, 2.0277271654766527e-15, -3.588915781563803e-15], [22.216873916067595, 33.115297682375655, 22.21687391606759, 2.0277271654766527e-15, 1.3603911764186261e-15, -2.0277271654766527e-15], [22.21687391606759, 22.21687391606759, 33.11529768237561, 3.588915781563802e-15, 3.5889157815638015e-15, -1.3603911764186265e-15], [1.3603911764186265e-15, 2.0277271654766527e-15, 3.588915781563802e-15, 18.19728436555552, -1.114262302572589e-15, 1.1142623025725889e-15], [2.0277271654766527e-15, 1.3603911764186261e-15, 3.5889157815638015e-15, -1.114262302572589e-15, 18.19728436555554, 1.114262302572589e-15], [-3.588915781563803e-15, -2.0277271654766527e-15, -1.3603911764186265e-15, 1.1142623025725889e-15, 1.114262302572589e-15, 18.19728436555552]], "state": "successful", "G_VRH": 11.0, "homogeneous_poisson": 0.31, "K_Voigt": 26.0, "warnings": null, "poisson_ratio": 0.31, "G_Voigt": 13.0, "elastic_anisotropy": 1.97}, "unit_cell_formula": {"Hg": 1.0, "Li": 3.0}, "hubbards": {}, "energy_per_atom": -1.785809045, "band_gap": 0.0, "density": 5.233842033416494, "incar": null, "kpoints": null, "nsites": 4, "icsd_id": 639073, "conventional_lattice": [[6.549837399114846, 0.0, 4.0106187028808107e-16], [-4.0106187028808107e-16, 6.549837399114846, 4.0106187028808107e-16], [0.0, 0.0, 6.549837399114846]], "volrat": 0.25820563183652767, "elements": ["Hg", "Li"], "pretty_formula": "Li3Hg", "volume": 70.24761193936388, "is_hubbard": false, "formation_energy_per_atom": -0.27824474749999983, "cif": "# generated using pymatgen\ndata_Li3Hg\n_symmetry_space_group_name_H-M   'P 1'\n_cell_length_a   4.63143444\n_cell_length_b   4.63143444\n_cell_length_c   4.63143444\n_cell_angle_alpha   60.00000003\n_cell_angle_beta   59.99999999\n_cell_angle_gamma   60.00000003\n_symmetry_Int_Tables_number   1\n_chemical_formula_structural   Li3Hg\n_chemical_formula_sum   'Li3 Hg1'\n_cell_volume   70.2476119394\n_cell_formula_units_Z   1\nloop_\n _symmetry_equiv_pos_site_id\n _symmetry_equiv_pos_as_xyz\n  1  'x, y, z'\nloop_\n _atom_site_type_symbol\n _atom_site_label\n _atom_site_symmetry_multiplicity\n _atom_site_fract_x\n _atom_site_fract_y\n _atom_site_fract_z\n _atom_site_occupancy\n  Li  Li1  1  0.750000  0.750000  0.750000  1\n  Li  Li2  1  0.500000  0.500000  0.500000  1\n  Li  Li3  1  0.250000  0.250000  0.250000  1\n  Hg  Hg4  1  0.000000  0.000000  0.000000  1\n", "task_id": "mp-1646", "nelements": 2, "e_above_hull": 0, "is_compatible": true, "coord": 10.160609683115323, "potcar": null, "lengths_and_angles": [[6.549837399114846, 6.549837399114846, 6.549837399114846], [90.0, 90.0, 90.0]], "dos": {"GGA": {"oid": "56f1026b879ae06cb524d27c", "fs_id": "56f0ca4891a9d123ce05a0e6", "task_id": "mp-993576"}}}, {"energy": -11.7356921, "elasticity": {"elastic_tensor": [[39.0, 23.0, 23.0, 0.0, 0.0, 0.0], [23.0, 39.0, 23.0, 0.0, 0.0, 0.0], [23.0, 23.0, 39.0, 0.0, 0.0, 0.0], [0.0, 0.0, 0.0, 40.0, 0.0, 0.0], [0.0, 0.0, 0.0, 0.0, 40.0, 0.0], [0.0, 0.0, 0.0, 0.0, 0.0, 40.0]], "compliance_tensor": [[46.6, -17.4, -17.4, 0.0, 0.0, 0.0], [-17.4, 46.6, -17.4, 0.0, 0.0, 0.0], [-17.4, -17.4, 46.6, 0.0, 0.0, 0.0], [0.0, 0.0, 0.0, 24.9, 0.0, 0.0], [0.0, 0.0, 0.0, 0.0, 24.9, 0.0], [0.0, 0.0, 0.0, 0.0, 0.0, 24.9]], "G_Voigt_Reuss_Hill": 21.0, "G_Reuss": 15.0, "elastic_tensor_original": [[38.6580327094911, 23.036729131898692, 23.036504707461063, 0.0, 0.0, 0.0], [23.02078577583006, 38.67321597018527, 23.036504707461063, 0.0, 0.0, 0.0], [23.02078577583006, 23.036729131898692, 38.673042148987996, 0.0, 0.0, 0.0], [0.0, 0.0, 0.0, 40.13416610333334, 0.0, 0.0], [0.0, 0.0, 0.0, 0.0, 40.134171283333345, 0.0], [0.0, 0.0, 0.0, 0.0, 0.0, 40.13413141]], "K_Voigt_Reuss_Hill": 28.0, "K_Reuss": 28.0, "universal_anisotropy": 3.99, "K_VRH": 28.0, "elastic_tensor_orig_symmetrized": [[38.66809694288808, 23.031339871729887, 23.03133987172991, 1.4102628326994436e-15, 2.3677380575113746e-15, -6.325279433408674e-15], [23.031339871729887, 38.66809694288808, 23.03133987172991, 2.3677380575113746e-15, 1.4102628326994442e-15, -2.367738057511375e-15], [23.03133987172991, 23.03133987172991, 38.66809694288806, 6.325279433408672e-15, 6.325279433408673e-15, -1.4102628326994442e-15], [1.4102628326994436e-15, 2.3677380575113746e-15, 6.325279433408672e-15, 40.13415626555557, -2.457508300354617e-15, 2.457508300354617e-15], [2.3677380575113746e-15, 1.4102628326994442e-15, 6.325279433408673e-15, -2.457508300354617e-15, 40.134156265555546, 2.4575083003546153e-15], [-6.325279433408674e-15, -2.367738057511375e-15, -1.4102628326994442e-15, 2.457508300354617e-15, 2.4575083003546153e-15, 40.13415626555557]], "state": "successful", "G_V