[{"energy": -3.811128, "elasticity": {"elastic_tensor": [[22.0, 11.0, 8.0, 0.0, 0.0, 0.0], [11.0, 22.0, 8.0, 0.0, 0.0, 0.0], [8.0, 8.0, 26.0, 0.0, 0.0, 0.0], [0.0, 0.0, 0.0, 6.0, 0.0, 0.0], [0.0, 0.0, 0.0, 0.0, 6.0, 0.0], [0.0, 0.0, 0.0, 0.0, 0.0, 5.0]], "compliance_tensor": [[63.8, -28.2, -11.2, 0.0, 0.0, -0.0], [-28.2, 63.8, -11.2, 0.0, 0.0, -0.0], [-11.2, -11.2, 45.8, 0.0, 0.0, 0.0], [0.0, 0.0, 0.0, 176.4, -0.0, 0.0], [0.0, 0.0, 0.0, -0.0, 176.4, 0.0], [-0.0, -0.0, 0.0, 0.0, 0.0, 184.0]], "G_Voigt_Reuss_Hill": 6.0, "G_Reuss": 6.0, "elastic_tensor_original": [[23.58417462396781, 9.745307110972524, 8.021183479467949, 0.0, 0.0, 0.0], [9.624127238834312, 23.308597940686635, 8.021180839557795, 0.0, 0.0, 0.0], [8.117716137396748, 8.268792669166254, 25.81222388944068, 0.0, 0.0, 0.0], [0.0, 0.0, 0.0, 5.724540803333335, 0.0, 0.0], [0.0, 0.0, 0.0, 0.0, 5.615079023333335, 0.0], [0.0, 0.0, 0.0, 0.0, 0.0, 3.989763090000001]], "K_Voigt_Reuss_Hill": 14.0, "K_Reuss": 14.0, "universal_anisotropy": 0.17, "K_VRH": 14.0, "elastic_tensor_orig_symmetrized": [[22.00085055047127, 11.130252906759374, 8.107218281397188, 0.0, 0.0, -7.401486830834377e-17], [11.130252906759374, 22.00085055047128, 8.107218281397184, 0.0, 0.0, 0.0], [8.107218281397188, 8.107218281397184, 25.81222388944069, 0.0, 0.0, -9.577577999801718e-18], [0.0, 0.0, 0.0, 5.669809913333338, -4.625929269271485e-18, 0.0], [0.0, 0.0, 0.0, -4.625929269271485e-18, 5.669809913333336, 0.0], [-7.401486830834377e-17, 0.0, -9.577577999801718e-18, 0.0, 0.0, 5.435298821855952]], "state": "successful", "G_VRH": 6.0, "homogeneous_poisson": 0.31, "K_Voigt": 14.0, "warnings": null, "poisson_ratio": 0.31, "G_Voigt": 6.0, "elastic_anisotropy": 0.17}, "unit_cell_formula": {"Li": 2.0}, "hubbards": {}, "energy_per_atom": -1.905564, "band_gap": 0.0, "density": 0.5708713562683561, "incar": null, "kpoints": null, "nsites": 2, "icsd_id": 76947, "conventional_lattice": [[1.538769365, -2.6652267213104985, 0.0], [1.538769365, 2.6652267213104985, 0.0], [0.0, 0.0, 4.92294701]], "volrat": 0.3576974524013956, "elements": ["Li"], "pretty_formula": "Li", "volume": 40.37967757220222, "is_hubbard": false, "formation_energy_per_atom": 0.0032915799999999606, "cif": "# generated using pymatgen\ndata_Li\n_symmetry_space_group_name_H-M   'P 1'\n_cell_length_a   3.07753873\n_cell_length_b   3.07753873\n_cell_length_c   4.92294701\n_cell_angle_alpha   90.00000000\n_cell_angle_beta   90.00000000\n_cell_angle_gamma   119.99999993\n_symmetry_Int_Tables_number   1\n_chemical_formula_structural   Li\n_chemical_formula_sum   Li2\n_cell_volume   40.3796775722\n_cell_formula_units_Z   2\nloop_\n _symmetry_equiv_pos_site_id\n _symmetry_equiv_pos_as_xyz\n  1  'x, y, z'\nloop_\n _atom_site_type_symbol\n _atom_site_label\n _atom_site_symmetry_multiplicity\n _atom_site_fract_x\n _atom_site_fract_y\n _atom_site_fract_z\n _atom_site_occupancy\n  Li  Li1  1  0.333333  0.666667  0.250000  1\n  Li  Li2  1  0.666667  0.333333  0.750000  1\n", "task_id": "mp-10173", "nelements": 1, "e_above_hull": 0.0032915799999999606, "is_compatible": true, "coord": 11.690696021928325, "potcar": null, "lengths_and_angles": [[3.07753873, 3.07753873, 4.92294701], [90.0, 90.0, 120.00000000000001]], "dos": {"GGA": {"oid": "56bb30c1643550045783141f", "fs_id": "54ccc9a84b349967206084f5", "task_id": "mp-926188"}}}, {"energy": -9.64757855, "elasticity": {"elastic_tensor": [[262.0, 116.0, 26.0, 0.0, 0.0, 0.0], [116.0, 262.0, 26.0, 0.0, 0.0, 0.0], [26.0, 26.0, 168.0, 0.0, 0.0, 0.0], [0.0, 0.0, 0.0, 21.0, 0.0, 0.0], [0.0, 0.0, 0.0, 0.0, 21.0, 0.0], [0.0, 0.0, 0.0, 0.0, 0.0, 73.0]], "compliance_tensor": [[4.8, -2.1, -0.4, 0.0, 0.0, -0.0], [-2.1, 4.8, -0.4, 0.0, 0.0, -0.0], [-0.4, -0.4, 6.1, 0.0, 0.0, 0.0], [0.0, 0.0, 0.0, 48.1, -0.0, 0.0], [0.0, 0.0, 0.0, -0.0, 48.1, 0.0], [-0.0, -0.0, 0.0, 0.0, 0.0, 13.8]], "G_Voigt_Reuss_Hill": 47.0, "G_Reuss": 37.0, "elastic_tensor_original": [[263.6468881497299, 114.14118493906001, 26.366109845132186, 0.0, 0.0, 0.06267217000000193], [113.93725909489295, 264.490936303509, 26.36608966802068, 0.0, 0.0, 0.0], [25.6291969748671, 26.049994177707823, 167.86536158426654, 0.0, 0.0, 0.11000359999999974], [0.0, 0.0, 0.0, 20.75100007666667, 0.0, 0.0], [0.0, 0.0, 0.0, 0.0, 20.837132783333338, 0.0], [0.0, 0.0, 0.0, 0.0, 0.0, 70.19202716333335]], "K_Voigt_Reuss_Hill": 108.0, "K_Reuss": 102.0, "universal_anisotropy": 2.89, "K_VRH": 108.0, "elastic_tensor_orig_symmetrized": [[261.6575032558753, 116.4506309877205, 26.10284766643195, 0.0, 0.0, -4.958996176659032e-15], [116.4506309877205, 261.65750325587527, 26.10284766643194, 0.0, 0.0, -2.923587298179579e-15], [26.10284766643195, 26.10284766643194, 167.86536158426654, 0.0, 0.0, -4.680850885571454e-16], [0.0, 0.0, 0.0, 20.794066429999997, -6.11779145861154e-16, 0.0], [0.0, 0.0, 0.0, -6.11779145861154e-16, 20.794066430000004, 0.0], [-4.958996176659032e-15, -2.923587298179579e-15, -4.680850885571454e-16, 0.0, 0.0, 72.60343613407741]], "state": "successful", "G_VRH": 47.0, "homogeneous_poisson": 0.31, "K_Voigt": 114.0, "warnings": null, "poisson_ratio": 0.31, "G_Voigt": 58.0, "elastic_anisotropy": 2.89}, "unit_cell_formula": {"Rh": 1.0, "Li": 1.0}, "hubbards": {}, "energy_per_atom": -4.823789275, "band_gap": 0, "density": 6.7273287297194475, "incar": null, "kpoints": null, "nsites": 2, "icsd_id": 150551, "conventional_lattice": [[1.3392553375, -2.3196582888578043, 0.0], [1.3392553375, 2.3196582888578043, 0.0], [0.0, 0.0, 4.36390464]], "volrat": 0.3778545280355887, "elements": ["Li", "Rh"], "pretty_formula": "LiRh", "volume": 27.11394015574342, "is_hubbard": false, "formation_energy_per_atom": -0.19473577500000072, "cif": "# generated using pymatgen\ndata_LiRh\n_symmetry_space_group_name_H-M   'P 1'\n_cell_length_a   2.67851081\n_cell_length_b   2.67851054\n_cell_length_c   4.36390464\n_cell_angle_alpha   90.00000000\n_cell_angle_beta   90.00000000\n_cell_angle_gamma   120.00000318\n_symmetry_Int_Tables_number   1\n_chemical_formula_structural   LiRh\n_chemical_formula_sum   'Li1 Rh1'\n_cell_volume   27.1139401557\n_cell_formula_units_Z   1\nloop_\n _symmetry_equiv_pos_site_id\n _symmetry_equiv_pos_as_xyz\n  1  'x, y, z'\nloop_\n _atom_site_type_symbol\n _atom_site_label\n _atom_site_symmetry_multiplicity\n _atom_site_fract_x\n _atom_site_fract_y\n _atom_site_fract_z\n _atom_site_occupancy\n  Li  Li1  1  0.333333  0.666667  0.500000  1\n  Rh  Rh2  1  0.000000  0.000000  0.000000  1\n", "task_id": "mp-600561", "nelements": 2, "e_above_hull": 0, "is_compatible": true, "coord": 11.96478725997844, "potcar": null, "lengths_and_angles": [[2.678510675, 2.678510675, 4.36390464], [90.0, 90.0, 119.99999999999999]], "dos": null}, {"energy": -112.73203344, "elasticity": {"elastic_tensor": [[906.0, 151.0, -2.0, 0.0, 0.0, 0.0], [151.0, 906.0, -2.0, -0.0, 0.0, 0.0], [-2.0, -2.0, 15.0, 0.0, 0.0, -0.0], [0.0, 0.0, 0.0, 3.0, 0.0, 0.0], [-0.0, 0.0, 0.0, 0.0, 3.0, -0.0], [0.0, 0.0, -0.0, -0.0, -0.0, 377.0]], "compliance_tensor": [[1.1, -0.2, 0.1, -0.0, -0.0, -0.0], [-0.2, 1.1, 0.1, 0.0, -0.0, -0.0], [0.1, 0.1, 66.1, -0.0, -0.0, -0.0], [-0.0, -0.0, -0.0, 301.5, -0.0, -0.0], [0.0, -0.0, -0.0, -0.0, 301.5, 0.0], [-0.0, -0.0, -0.0, 0.0, 0.0, 2.6]], "G_Voigt_Reuss_Hill": 98.0, "G_Reuss": 7.0, "elastic_tensor_original": [[906.2344918730353, 151.16249703132956, -1.50317179105868, -0.06108929000000003, 0.0055076333333296795, 0.0], [150.46542760207006, 905.3813049143617, -1.5031719310578933, 0.05814188999999753, -0.008553853333333783, 0.0], [-2.221316335245621, -2.185948820862888, 15.134685942341626, 0.003097063333333256, -0.2835620333333339, 0.0], [0.0, 0.0, 0.0, 3.840223510000001, 0.0, 0.0], [0.0, 0.0, 0.0, 0.0, 2.79350924, 0.0], [0.0, 0.0, 0.0, 0.0, 0.0, 377.2894487233334]], "K_Voigt_Reuss_Hill": 125.0, "K_Reuss": 15.0, "universal_anisotropy": 141.65, "K_VRH": 125.0, "elastic_tensor_orig_symmetrized": [[905.7041387361159, 150.91772197428273, -1.8534022195562705, 0.0, 1.4456028966473392e-19, -4.528090865226393e-14], [150.91772197428273, 905.7041387361156, -1.8534022195562705, 5.782411586589357e-19, -4.336808689942018e-19, -1.9220736113823023e-14], [-1.8534022195562705, -1.8534022195562705, 15.134685942341624, 1.1564823173178713e-18, 0.0, 5.2384907029989885e-17], [0.0, 5.782411586589357e-19, 1.1564823173178713e-18, 3.3168663750000005, -9.251858538542972e-17, -2.8912057932946783e-19], [1.4456028966473392e-19, -4.336808689942018e-19, 0.0, -9.251858538542972e-17, 3.3168663750000005, 0.0], [-4.528090865226393e-14, -1.9220736113823023e-14, 5.2384907029989885e-17, -2.8912057932946783e-19, 0.0, 377.3932083809164]], "state": "successful", "G_VRH": 98.0, "homogeneous_poisson": 0.19, "K_Voigt": 236.0, "warnings": null, "poisson_ratio": 0.19, "G_Voigt": 189.0, "elastic_anisotropy": 141.65}, "unit_cell_formula": {"C": 12.0, "Li": 1.0}, "hubbards": {}, "energy_per_atom": -8.67169488, "band_gap": 0, "density": 2.019464376843748, "incar": null, "kpoints": null, "nsites": 13, "icsd_id": null, "conventional_lattice": [[2.148957615, -3.7221037724920385, 0.0], [2.148957615, 3.7221037724920385, 0.0], [0.0, 0.0, 7.76502857]], "volrat": 0.38049767225642234, "elements": ["C", "Li"], "pretty_formula": "LiC12", "volume": 124.21939169902254, "is_hubbard": false, "formation_energy_per_atom": -0.009038068076923022, "cif": "# generated using pymatgen\ndata_LiC12\n_symmetry_space_group_name_H-M   'P 1'\n_cell_length_a   4.29791523\n_cell_length_b   4.29791523\n_cell_length_c   7.76502857\n_cell_angle_alpha   90.00000000\n_cell_angle_beta   90.00000000\n_cell_angle_gamma   119.99999578\n_symmetry_Int_Tables_number   1\n_chemical_formula_structural   LiC12\n_chemical_formula_sum   'Li1 C12'\n_cell_volume   124.219391699\n_cell_formula_units_Z   1\nloop_\n _symmetry_equiv_pos_site_id\n _symmetry_equiv_pos_as_xyz\n  1  'x, y, z'\nloop_\n _atom_site_type_symbol\n _atom_site_label\n _atom_site_symmetry_multiplicity\n _atom_site_fract_x\n _atom_site_fract_y\n _atom_site_fract_z\n _atom_site_occupancy\n  Li  Li1  1  0.000000  0.000000  0.000000  1\n  C  C2  1  0.333362  1.000000  0.243769  1\n  C  C3  1  0.666638  0.666638  0.243769  1\n  C  C4  1  1.000000  0.333362  0.243769  1\n  C  C5  1  0.666638  0.000000  0.243769  1\n  C  C6  1  0.333362  0.333362  0.243769  1\n  C  C7  1  0.000000  0.666638  0.243769  1\n  C  C8  1  0.666638  0.000000  0.756231  1\n  C  C9  1  0.333362  0.333362  0.756231  1\n  C  C10  1  0.000000  0.666638  0.756231  1\n  C  C11  1  0.333362  1.000000  0.756231  1\n  C  C12  1  0.666638  0.666638  0.756231  1\n  C  C13  1  1.000000  0.333362  0.756231  1\n", "task_id": "mp-1021323", "nelements": 2, "e_above_hull": 0, "is_compatible": true, "coord": 11.999999257396318, "potcar": null, "lengths_and_angles": [[4.29791523, 4.29791523, 7.76502857], [90.0, 90.0, 119.99999999999999]], "dos": null}, {"energy": -11.19848711, "elasticity": {"elastic_tensor": [[388.0, 170.0, 24.0, 0.0, 0.0, 0.0], [170.0, 388.0, 24.0, 0.0, 0.0, 0.0], [24.0, 24.0, 207.0, 0.0, 0.0, 0.0], [0.0, 0.0, 0.0, 25.0, 0.0, 0.0], [0.0, 0.0, 0.0, 0.0, 25.0, 0.0], [0.0, 0.0, 0.0, 0.0, 0.0, 109.0]], "compliance_tensor": [[3.2, -1.4, -0.2, 0.0, 0.0, -0.0], [-1.4, 3.2, -0.2, 0.0, 0.0, -0.0], [-0.2, -0.2, 4.9, 0.0, 0.0, 0.0], [0.0, 0.0, 0.0, 39.5, -0.0, 0.0], [0.0, 0.0, 0.0, -0.0, 39.5, 0.0], [-0.0, -0.0, 0.0, 0.0, 0.0, 9.2]], "G_Voigt_Reuss_Hill": 65.0, "G_Reuss": 47.0, "elastic_tensor_original": [[385.13383482808024, 172.28444126564338, 23.523997373114824, 0.0, 0.0, 0.0], [172.1910328202909, 385.1207828306476, 23.524000472722392, 0.0, 0.0, 0.0], [23.920232791715613, 23.91600007292466, 206.99579355221172, 0.0, 0.0, 0.0], [0.0, 0.0, 0.0, 25.258077240000006, 0.0, 0.0], [0.0, 0.0, 0.0, 0.0, 25.367395600000002, 0.0], [0.0, 0.0, 0.0, 0.0, 0.0, 111.43498653333334]], "K_Voigt_Reuss_Hill": 144.0, "K_Reuss": 130.0, "universal_anisotropy": 3.97, "K_VRH": 144.0, "elastic_tensor_orig_symmetrized": [[387.6224091494314, 169.74263672289968, 23.721057677619378, 0.0, 0.0, 2.812564995717063e-14], [169.74263672289968, 387.62240914943146, 23.72105767761937, 0.0, 0.0, 1.9909999574944472e-14], [23.721057677619378, 23.72105767761937, 206.99579355221172, 0.0, 0.0, 1.4655382052844034e-15], [0.0, 0.0, 0.0, 25.312736420000004, 1.1680471404910502e-15, 0.0], [0.0, 0.0, 0.0, 1.1680471404910502e-15, 25.312736420000004, 0.0], [2.812564995717063e-14, 1.9909999574944472e-14, 1.4655382052844034e-15, 0.0, 0.0, 108.93988621326586]], "state": "successful", "G_VRH": 65.0, "homogeneous_poisson": 0.3, "K_Voigt": 157.0, "warnings": null, "poisson_ratio": 0.3, "G_Voigt": 83.0, "elastic_anisotropy": 3.97}, "unit_cell_formula": {"Ir": 1.0, "Li": 1.0}, "hubbards": {}, "energy_per_atom": -5.599243555, "band_gap": 0.014499999999999957, "density": 12.141542798582984, "incar": null, "kpoints": null, "nsites": 2, "icsd_id": 659856, "conventional_lattice": [[1.336129865, -2.314244811690145, 0.0], [1.336129865, 2.314244811690145, 0.0], [0.0, 0.0, 4.40438196]], "volrat": 0.3701038565736272, "elements": ["Ir", "Li"], "pretty_formula": "LiIr", "volume": 27.237857322968424, "is_hubbard": false, "formation_energy_per_atom": -0.2115377700000005, "cif": "# generated using pymatgen\ndata_LiIr\n_symmetry_space_group_name_H-M   'P 1'\n_cell_length_a   2.67225973\n_cell_length_b   2.67225973\n_cell_length_c   4.40438196\n_cell_angle_alpha   90.00000000\n_cell_angle_beta   90.00000000\n_cell_angle_gamma   119.99999993\n_symmetry_Int_Tables_number   1\n_chemical_formula_structural   LiIr\n_chemical_formula_sum   'Li1 Ir1'\n_cell_volume   27.237857323\n_cell_formula_units_Z   1\nloop_\n _symmetry_equiv_pos_site_id\n _symmetry_equiv_pos_as_xyz\n  1  'x, y, z'\nloop_\n _atom_site_type_symbol\n _atom_site_label\n _atom_site_symmetry_multiplicity\n _atom_site_fract_x\n _atom_site_fract_y\n _atom_site_fract_z\n _atom_site_occupancy\n  Li  Li1  1  0.333333  0.666667  0.500000  1\n  Ir  Ir2  1  0.000000  0.000000  0.000000  1\n", "task_id": "mp-279", "nelements": 2, "e_above_hull": 0, "is_compatible": true, "coord": 11.860576523347497, "potcar": null, "lengths_and_angles": [[2.67225973, 2.67225973, 4.40438196], [90.0, 90.0, 119.99999999999999]], "dos": null}, {"energy": -9.16945923, "elasticity": {"elastic_tensor": [[269.0, 113.0, 42.0, 0.0, 0.0, 0.0], [113.0, 269.0, 42.0, 0.0, 0.0, 0.0], [42.0, 42.0, 160.0, 0.0, 0.0, 0.0], [0.0, 0.0, 0.0, 26.0, 0.0, 0.0], [0.0, 0.0, 0.0, 0.0, 26.0, 0.0], [0.0, 0.0, 0.0, 0.0, 0.0, 78.0]], "compliance_tensor": [[4.6, -1.8, -0.7, 0.0, 0.0, -0.0], [-1.8, 4.6, -0.7, 0.0, 0.0, -0.0], [-0.7, -0.7, 6.6, 0.0, 0.0, 0.0], [0.0, 0.0, 0.0, 38.5, -0.0, 0.0], [0.0, 0.0, 0.0, -0.0, 38.5, 0.0], [-0.0, -0.0, 0.0, 0.0, 0.0, 12.8]], "G_Voigt_Reuss_Hill": 51.0, "G_Reuss": 43.0, "elastic_tensor_original": [[269.89576029242414, 111.51040564786848, 43.622947970992755, 0.0, 0.0, 0.0], [111.71816803975513, 269.304038152611, 43.62293463106779, 0.0, 0.0, 0.0], [41.494365223320735, 40.85060024324872, 160.259239894301, 0.0, 0.0, 0.09499628000000021], [0.0, 0.0, 0.0, 25.96066834333334, 0.0, 0.0], [0.0, 0.0, 0.0, 0.0, 25.972651443333337, 0.0], [0.0, 0.0, 0.0, 0.0, 0.0, 77.08321468666671]], "K_Voigt_Reuss_Hill": 115.0, "K_Reuss": 108.0, "universal_anisotropy": 1.97, "K_VRH": 115.0, "elastic_tensor_orig_symmetrized": [[268.6451034711745, 112.56908259515487, 42.3977120171575, 0.0, 0.0, 3.4416913763379853e-15], [112.56908259515487, 268.6451034711743, 42.39771201715749, 0.0, 0.0, 3.4046839421838135e-15], [42.3977120171575, 42.39771201715749, 160.25923989430103, 0.0, 0.0, 5.473237502233643e-16], [0.0, 0.0, 0.0, 25.96665989333333, 3.3219954564955856e-16, 0.0], [0.0, 0.0, 0.0, 3.3219954564955856e-16, 25.966659893333333, 0.0], [3.4416913763379853e-15, 3.4046839421838135e-15, 5.473237502233643e-16, 0.0, 0.0, 78.03801043800976]], "state": "successful", "G_VRH": 51.0, "homogeneous_poisson": 0.31, "K_Voigt": 121.0, "warnings": null, "poisson_ratio": 0.31, "G_Voigt": 59.0, "elastic_anisotropy": 1.97}, "unit_cell_formula": {"Pt": 1.0, "Li": 1.0}, "hubbards": {}, "energy_per_atom": -4.584729615, "band_gap": 0.04999999999999982, "density": 11.926827065721083, "incar": null, "kpoints": null, "nsites": 2, "icsd_id": 104777, "conventional_lattice": [[1.3835307, -2.3963454662313337, 0.0], [1.3835307, 2.3963454662313337, 0.0], [0.0, 0.0, 4.24190588]], "volrat": 0.31602551378525945, "elements": ["Li", "Pt"], "pretty_formula": "LiPt", "volume": 28.12737819257907, "is_hubbard": false, "formation_energy_per_atom": -0.6028802099999995, "cif": "# generated using pymatgen\ndata_LiPt\n_symmetry_space_group_name_H-M   'P 1'\n_cell_length_a   2.76706140\n_cell_length_b   2.76706140\n_cell_length_c   4.24190588\n_cell_angle_alpha   90.00000000\n_cell_angle_beta   90.00000000\n_cell_angle_gamma   119.99999996\n_symmetry_Int_Tables_number   1\n_chemical_formula_structural   LiPt\n_chemical_formula_sum   'Li1 Pt1'\n_cell_volume   28.1273781926\n_cell_formula_units_Z   1\nloop_\n _symmetry_equiv_pos_site_id\n _symmetry_equiv_pos_as_xyz\n  1  'x, y, z'\nloop_\n _atom_site_type_symbol\n _atom_site_label\n _atom_site_symmetry_multiplicity\n _atom_site_fract_x\n _atom_site_fract_y\n _atom_site_fract_z\n _atom_site_occupancy\n  Li  Li1  1  0.333333  0.666667  0.500000  1\n  Pt  Pt2  1  0.000000  0.000000  0.000000  1\n", "task_id": "mp-11807", "nelements": 2, "e_above_hull": 0, "is_compatible": true, "coord": 11.089549387535138, "potcar": null, "lengths_and_angles": [[2.7670613999999993, 2.7670613999999993, 4.24190588], [90.0, 90.0, 120.00000000000001]], "dos": null}, {"energy": -57.31151308, "elasticity": {"elastic_tensor": [[904.0, 149.0, 0.0, 0.0, 0.0, 0.0], [149.0, 904.0, 0.0, 0.0, 0.0, 0.0], [0.0, 0.0, 71.0, 0.0, 0.0, 0.0], [0.0, 0.0, 0.0, 18.0, 0.0, 0.0], [0.0, 0.0, 0.0, 0.0, 18.0, 0.0], [0.0, 0.0, 0.0, 0.0, 0.0, 378.0]], "compliance_tensor": [[1.1, -0.2, -0.0, 0.0, 0.0, -0.0], [-0.2, 1.1, -0.0, 0.0, 0.0, -0.0], [-0.0, -0.0, 14.2, 0.0, 0.0, 0.0], [0.0, 0.0, 0.0, 54.5, -0.0, 0.0], [0.0, 0.0, 0.0, -0.0, 54.5, 0.0], [-0.0, -0.0, 0.0, 0.0, 0.0, 2.6]], "G_Voigt_Reuss_Hill": 118.0, "G_Reuss": 37.0, "elastic_tensor_original": [[902.5282441416541, 149.98169241373057, 0.5697472298468323, 0.0, 0.0, 0.0], [150.31723028687995, 902.8404770881439, 0.5697467304496413, 0.0, 0.0, 0.0], [0.26260175301513716, 0.24927129399896844, 70.64985577518642, 0.0, 0.0, 0.0], [0.0, 0.0, 0.0, 18.319764943333336, 0.0, 0.0], [0.0, 0.0, 0.0, 0.0, 18.36510327666667, 0.0], [0.0, 0.0, 0.0, 0.0, 0.0, 379.5050695200001]], "K_Voigt_Reuss_Hill": 152.0, "K_Reuss": 62.0, "universal_anisotropy": 24.41, "K_VRH": 152.0, "elastic_tensor_orig_symmetrized": [[904.3031705587506, 148.5306514064536, 0.4128417518276449, 0.0, 0.0, 1.683838254014821e-14], [148.5306514064536, 904.3031705587508, 0.4128417518276446, 0.0, 0.0, 1.687538997430238e-14], [0.4128417518276449, 0.4128417518276446, 70.6498557751864, 0.0, 0.0, 7.604344163093888e-18], [0.0, 0.0, 0.0, 18.342434110000003, 3.400058012914542e-16, 0.0], [0.0, 0.0, 0.0, 3.400058012914542e-16, 18.34243411, 0.0], [1.683838254014821e-14, 1.687538997430238e-14, 7.604344163093888e-18, 0.0, 0.0, 377.88625957614835]], "state": "successful", "G_VRH": 118.0, "homogeneous_poisson": 0.19, "K_Voigt": 242.0, "warnings": null, "poisson_ratio": 0.19, "G_Voigt": 198.0, "elastic_anisotropy": 24.41}, "unit_cell_formula": {"C": 6.0, "Li": 1.0}, "hubbards": {}, "energy_per_atom": -8.18735901142857, "band_gap": 0.0, "density": 2.1639648612879667, "incar": null, "kpoints": null, "nsites": 7, "icsd_id": null, "conventional_lattice": [[2.16164679, -3.744082068298171, 0.0], [2.16164679, 3.744082068298171, 0.0], [0.0, 0.0, 3.74536771]], "volrat": 0.38049768675387624, "elements": ["C", "Li"], "pretty_formula": "LiC6", "volume": 60.625392449729745, "is_hubbard": false, "formation_energy_per_atom": -0.007116573214285081, "cif": "# generated using pymatgen\ndata_LiC6\n_symmetry_space_group_name_H-M   'P 1'\n_cell_length_a   3.74536771\n_cell_length_b   4.32329358\n_cell_length_c   4.32329358\n_cell_angle_alpha   119.99999693\n_cell_angle_beta   90.00000000\n_cell_angle_gamma   90.00000000\n_symmetry_Int_Tables_number   1\n_chemical_formula_structural   LiC6\n_chemical_formula_sum   'Li1 C6'\n_cell_volume   60.6253924497\n_cell_formula_units_Z   1\nloop_\n _symmetry_equiv_pos_site_id\n _symmetry_equiv_pos_as_xyz\n  1  'x, y, z'\nloop_\n _atom_site_type_symbol\n _atom_site_label\n _atom_site_symmetry_multiplicity\n _atom_site_fract_x\n _atom_site_fract_y\n _atom_site_fract_z\n _atom_site_occupancy\n  Li  Li1  1  -0.000000  0.000000  0.000000  1\n  C  C2  1  0.500000  0.000000  0.333550  1\n  C  C3  1  0.500000  0.333550  0.000000  1\n  C  C4  1  0.500000  0.666450  0.666450  1\n  C  C5  1  0.500000  1.000000  0.666450  1\n  C  C6  1  0.500000  0.666450  1.000000  1\n  C  C7  1  0.500000  0.333550  0.333550  1\n", "task_id": "mp-1001581", "nelements": 2, "e_above_hull": 0.0012759185714283916, "is_compatible": true, "coord": 11.99999945008366, "potcar": null, "lengths_and_angles": [[4.32329358, 4.32329358, 3.74536771], [90.0, 90.0, 119.99999999999999]], "dos": {"GGA": {"oid": "59110dc40750790d5dec012a", "fs_id": "5795f9dddcb4617f26d2b01a", "task_id": "mp-1001599"}}}, {"energy": -57.86712043, "elasticity": {"elastic_tensor": [[79.0, 16.0, 3.0, 0.0, 0.0, 0.0], [16.0, 79.0, 3.0, 0.0, 0.0, 0.0], [3.0, 3.0, 84.0, 0.0, 0.0, 0.0], [0.0, 0.0, 0.0, 13.0, 0.0, 0.0], [0.0, 0.0, 0.0, 0.0, 13.0, 0.0], [0.0, 0.0, 0.0, 0.0, 0.0, 31.0]], "compliance_tensor": [[13.3, -2.8, -0.4, 0.0, 0.0, -0.0], [-2.8, 13.3, -0.4, 0.0, 0.0, -0.0], [-0.4, -0.4, 12.0, 0.0, 0.0, 0.0], [0.0, 0.0, 0.0, 75.8, -0.0, 0.0], [0.0, 0.0, 0.0, -0.0, 75.8, 0.0], [-0.0, -0.0, 0.0, 0.0, 0.0, 32.2]], "G_Voigt_Reuss_Hill": 23.0, "G_Reuss": 21.0, "elastic_tensor_original": [[78.75992816632925, 16.35799949805286, 4.672380110936889, 0.0, 0.0, 0.0], [15.948551608997233, 78.98625732637773, 4.672380450934975, 0.0, 0.0, 0.0], [2.0344178584995523, 2.219538518670839, 83.82829145401075, 0.0, 0.0, 0.0], [0.0, 0.0, 0.0, 13.181704216666667, 0.0, 0.0], [0.0, 0.0, 0.0, 0.0, 13.220712370000001, 0.0], [0.0, 0.0, 0.0, 0.0, 0.0, 30.765535170000007]], "K_Voigt_Reuss_Hill": 32.0, "K_Reuss": 32.0, "universal_anisotropy": 1.24, "K_VRH": 32.0, "elastic_tensor_orig_symmetrized": [[78.57590603314644, 16.45046226673216, 3.3996792347605647, 0.0, 0.0, 3.952856560592484e-15], [16.45046226673216, 78.57590603314638, 3.3996792347605647, 0.0, 0.0, 4.9960036108132044e-15], [3.3996792347605647, 3.3996792347605647, 83.82829145401074, 0.0, 0.0, 1.9362847816525703e-16], [0.0, 0.0, 0.0, 13.201208293333337, 8.083811398051921e-16, 0.0], [0.0, 0.0, 0.0, 8.083811398051921e-16, 13.201208293333337, 0.0], [3.952856560592484e-15, 4.9960036108132044e-15, 1.9362847816525703e-16, 0.0, 0.0, 31.06272188320713]], "state": "successful", "G_VRH": 23.0, "homogeneous_poisson": 0.21, "K_Voigt": 32.0, "warnings": null, "poisson_ratio": 0.21, "G_Voigt": 26.0, "elastic_anisotropy": 1.24}, "unit_cell_formula": {"Sb": 6.0, "Li": 12.0}, "hubbards": {}, "energy_per_atom": -3.214840023888889, "band_gap": 0.0, "density": 3.757679715940556, "incar": null, "kpoints": null, "nsites": 18, "icsd_id": 100020, "conventional_lattice": [[3.9757024625, -6.886118660826699, 0.0], [3.9757024625, 6.886118660826699, 0.0], [0.0, 0.0, 6.56835113]], "volrat": 0.25365429496139524, "elements": ["Li", "Sb"], "pretty_formula": "Li2Sb", "volume": 359.6455855992041, "is_hubbard": false, "formation_energy_per_atom": -0.5674931105555553, "cif": "# generated using pymatgen\ndata_Li2Sb\n_symmetry_space_group_name_H-M   'P 1'\n_cell_length_a   7.95140493\n_cell_length_b   7.95140492\n_cell_length_c   6.56835113\n_cell_angle_alpha   90.00000000\n_cell_angle_beta   90.00000000\n_cell_angle_gamma   119.99999999\n_symmetry_Int_Tables_number   1\n_chemical_formula_structural   Li2Sb\n_chemical_formula_sum   'Li12 Sb6'\n_cell_volume   359.645585599\n_cell_formula_units_Z   6\nloop_\n _symmetry_equiv_pos_site_id\n _symmetry_equiv_pos_as_xyz\n  1  'x, y, z'\nloop_\n _atom_site_type_symbol\n _atom_site_label\n _atom_site_symmetry_multiplicity\n _atom_site_fract_x\n _atom_site_fract_y\n _atom_site_fract_z\n _atom_site_occupancy\n  Li  Li1  1  0.291006  0.000000  0.000000  1\n  Li  Li2  1  0.708994  0.708994  0.500000  1\n  Li  Li3  1  0.000000  0.291006  0.500000  1\n  Li  Li4  1  0.000000  0.291006  0.000000  1\n  Li  Li5  1  0.708994  0.708994  0.000000  1\n  Li  Li6  1  0.291006  0.000000  0.500000  1\n  Li  Li7  1  0.637321  0.009891  0.250000  1\n  Li  Li8  1  0.372570  0.362679  0.250000  1\n  Li  Li9  1  0.990109  0.627430  0.250000  1\n  Li  Li10  1  0.627430  0.990109  0.750000  1\n  Li  Li11  1  0.362679  0.372570  0.750000  1\n  Li  Li12  1  0.009891  0.637321  0.750000  1\n  Sb  Sb13  1  0.000000  0.000000  0.250000  1\n  Sb  Sb14  1  0.000000  0.000000  0.750000  1\n  Sb  Sb15  1  0.333333  0.666667  0.023772  1\n  Sb  Sb16  1  0.333333  0.666667  0.476228  1\n  Sb  Sb17  1  0.666667  0.333333  0.976228  1\n  Sb  Sb18  1  0.666667  0.333333  0.523772  1\n", "task_id": "mp-9563", "nelements": 2, "e_above_hull": 0, "is_compatible": true, "coord": 10.081809472501169, "potcar": null, "lengths_and_angles": [[7.951404925, 7.951404925, 6.56835113], [90.0, 90.0, 119.99999999999999]], "dos": {"GGA": {"oid": "56bb30726435500466831412", "fs_id": "54caf0ef54cbd63d58f6a097", "task_id": "mp-924413"}}}, {"energy": -27.84784581, "elasticity": {"elastic_tensor": [[98.0, 22.0, 3.0, 0.0, 0.0, -0.0], [22.0, 98.0, 3.0, 0.0, 0.0, -0.0], [3.0, 3.0, 106.0, 0.0, 0.0, -0.0], [0.0, 0.0, 0.0, 24.0, -0.0, 0.0], [0.0, 0.0, 0.0, -0.0, 24.0, 0.0], [-0.0, -0.0, -0.0, 0.0, 0.0, 38.0]], "compliance_tensor": [[10.7, -2.4, -0.3, 0.0, 0.0, 0.0], [-2.4, 10.7, -0.3, 0.0, 0.0, 0.0], [-0.3, -0.3, 9.5, 0.0, 0.0, -0.0], [0.0, 0.0, 0.0, 41.0, 0.0, 0.0], [0.0, 0.0, 0.0, 0.0, 41.0, 0.0], [0.0, 0.0, -0.0, 0.0, 0.0, 26.3]], "G_Voigt_Reuss_Hill": 34.0, "G_Reuss": 33.0, "elastic_tensor_original": [[97.6526346192805, 22.34096866497631, 3.321858575170523, 0.0, 0.0, 0.006643806666666494], [22.467373625173412, 98.42329088311402, 3.321859175317146, 0.0, 0.0, 0.0], [2.7369054088820817, 3.4324023758866433, 105.50631021883027, 0.0, 0.0, 0.0], [0.0, 0.0, 0.0, 24.42749190666667, 0.0, 0.0], [0.0, 0.0, 0.0, 0.0, 24.384730590000004, 0.0], [0.0, 0.0, 0.0, 0.0, 0.0, 38.19789060333334]], "K_Voigt_Reuss_Hill": 40.0, "K_Reuss": 40.0, "universal_anisotropy": 0.46, "K_VRH": 40.0, "elastic_tensor_orig_symmetrized": [[98.22846015133332, 22.213673744938777, 3.2032563838140975, 0.0, 0.0, 2.4303475898435067e-15], [22.213673744938777, 98.2284601513333, 3.2032563838140975, 0.0, 0.0, 2.8750150408522286e-15], [3.2032563838140975, 3.2032563838140975, 105.50631021883025, 0.0, 0.0, 1.0394043645571979e-16], [0.0, 0.0, 0.0, 24.40611124833333, 8.280413391995959e-16, 0.0], [0.0, 0.0, 0.0, 8.280413391995959e-16, 24.406111248333332, 0.0], [2.4303475898435067e-15, 2.8750150408522286e-15, 1.0394043645571979e-16, 0.0, 0.0, 38.00739320319727]], "state": "successful", "G_VRH": 34.0, "homogeneous_poisson": 0.17, "K_Voigt": 40.0, "warnings": null, "poisson_ratio": 0.17, "G_Voigt": 36.0, "elastic_anisotropy": 0.46}, "unit_cell_formula": {"P": 2.0, "Li": 6.0}, "hubbards": {}, "energy_per_atom": -3.48098072625, "band_gap": 0.6996000000000002, "density": 1.462281765579762, "incar": null, "kpoints": null, "nsites": 8, "icsd_id": 240861, "conventional_lattice": [[2.11792932, -3.668361189079803, 0.0], [2.11792932, 3.668361189079803, 0.0], [0.0, 0.0, 7.57071772]], "volrat": 0.1710126659473989, "elements": ["Li", "P"], "pretty_formula": "Li3P", "volume": 117.63880437731173, "is_hubbard": false, "formation_energy_per_atom": -0.6980436832738097, "cif": "# generated using pymatgen\ndata_Li3P\n_symmetry_space_group_name_H-M   'P 1'\n_cell_length_a   4.23585864\n_cell_length_b   4.23585864\n_cell_length_c   7.57071772\n_cell_angle_alpha   90.00000000\n_cell_angle_beta   90.00000000\n_cell_angle_gamma   119.99999999\n_symmetry_Int_Tables_number   1\n_chemical_formula_structural   Li3P\n_chemical_formula_sum   'Li6 P2'\n_cell_volume   117.638804377\n_cell_formula_units_Z   2\nloop_\n _symmetry_equiv_pos_site_id\n _symmetry_equiv_pos_as_xyz\n  1  'x, y, z'\nloop_\n _atom_site_type_symbol\n _atom_site_label\n _atom_site_symmetry_multiplicity\n _atom_site_fract_x\n _atom_site_fract_y\n _atom_site_fract_z\n _atom_site_occupancy\n  Li  Li1  1  0.000000  0.000000  0.250000  1\n  Li  Li2  1  0.000000  0.000000  0.750000  1\n  Li  Li3  1  0.333333  0.666667  0.584119  1\n  Li  Li4  1  0.666667  0.333333  0.084119  1\n  Li  Li5  1  0.666667  0.333333  0.415881  1\n  Li  Li6  1  0.333333  0.666667  0.915881  1\n  P  P7  1  0.333333  0.666667  0.250000  1\n  P  P8  1  0.666667  0.333333  0.750000  1\n", "task_id": "mp-736", "nelements": 2, "e_above_hull": 0, "is_compatible": true, "coord": 8.44972809520512, "potcar": null, "lengths_and_angles": [[4.23585864, 4.23585864, 7.57071772], [90.0, 90.0, 120.00000000000001]], "dos": {"GGA": {"oid": "591100ca0750797838ebff23", "fs_id": "524446f1fc36a47611e3f687", "task_id": "mp-658976"}}}, {"energy": -7.94836651, "elasticity": {"elastic_tensor": [[156.0, 77.0, 34.0, 0.0, 0.0, 0.0], [77.0, 156.0, 34.0, 0.0, 0.0, 0.0], [34.0, 34.0, 123.0, 0.0, 0.0, 0.0], [0.0, 0.0, 0.0, 22.0, -0.0, 0.0], [0.0, 0.0, 0.0, -0.0, 22.0, 0.0], [0.0, 0.0, 0.0, 0.0, 0.0, 39.0]], "compliance_tensor": [[8.7, -4.0, -1.3, 0.0, 0.0, -0.0], [-4.0, 8.7, -1.3, 0.0, 0.0, 0.0], [-1.3, -1.3, 8.9, 0.0, 0.0, 0.0], [0.0, 0.0, 0.0, 46.2, 0.0, 0.0], [0.0, 0.0, 0.0, 0.0, 46.2, 0.0], [-0.0, 0.0, -0.0, 0.0, 0.0, 25.5]], "G_Voigt_Reuss_Hill": 33.0, "G_Reuss": 31.0, "elastic_tensor_original": [[154.1532047512237, 74.76166435843817, 33.368353235063125, 0.0, 0.0, 0.0], [79.27091573012427, 157.06967403155895, 33.368381751602726, 0.0, 0.0, 0.0], [35.72799940242846, 34.744029440209474, 122.6342995237904, 0.0, 0.0, 0.0], [0.0, 0.0, 0.0, 21.499017819999995, 0.0, 0.0], [0.0, 0.0, 0.0, 0.0, 21.803190720000007, 0.0], [0.0, 0.0, 0.0, 0.0, 0.0, 39.076848753333344]], "K_Voigt_Reuss_Hill": 79.0, "K_Reuss": 77.0, "universal_anisotropy": 0.83, "K_VRH": 79.0, "elastic_tensor_orig_symmetrized": [[155.50107643128044, 77.12665300439207, 34.30219095732595, 0.0, 0.0, -3.219646771412954e-15], [77.12665300439207, 155.50107643128044, 34.30219095732594, 0.0, 0.0, -2.683038976177462e-16], [34.30219095732595, 34.30219095732594, 122.63429952379039, 0.0, 0.0, -3.861565325947626e-16], [0.0, 0.0, 0.0, 21.651104269999994, -1.6653345369377348e-16, 0.0], [0.0, 0.0, 0.0, -1.6653345369377348e-16, 21.651104269999994, 0.0], [-3.219646771412954e-15, -2.683038976177462e-16, -3.861565325947626e-16, 0.0, 0.0, 39.187211713444185]], "state": "successful", "G_VRH": 33.0, "homogeneous_poisson": 0.31, "K_Voigt": 81.0, "warnings": null, "poisson_ratio": 0.31, "G_Voigt": 36.0, "elastic_anisotropy": 0.83}, "unit_cell_formula": {"Pd": 1.0, "Li": 1.0}, "hubbards": {}, "energy_per_atom": -3.974183255, "band_gap": 0.0, "density": 6.608908320021342, "incar": null, "kpoints": null, "nsites": 2, "icsd_id": 659883, "conventional_lattice": [[1.3999352100000002, -2.424758911024606, 0.0], [1.3999352100000002, 2.424758911024606, 0.0], [0.0, 0.0, 4.19543024]], "volrat": 0.29630458519961794, "elements": ["Li", "Pd"], "pretty_formula": "LiPd", "volume": 28.482820990755265, "is_hubbard": false, "formation_energy_per_atom": -0.4333867899999997, "cif": "# generated using pymatgen\ndata_LiPd\n_symmetry_space_group_name_H-M   'P 1'\n_cell_length_a   2.79987042\n_cell_length_b   2.79987042\n_cell_length_c   4.19543024\n_cell_angle_alpha   90.00000000\n_cell_angle_beta   90.00000000\n_cell_angle_gamma   120.00000001\n_symmetry_Int_Tables_number   1\n_chemical_formula_structural   LiPd\n_chemical_formula_sum   'Li1 Pd1'\n_cell_volume   28.4828209908\n_cell_formula_units_Z   1\nloop_\n _symmetry_equiv_pos_site_id\n _symmetry_equiv_pos_as_xyz\n  1  'x, y, z'\nloop_\n _atom_site_type_symbol\n _atom_site_label\n _atom_site_symmetry_multiplicity\n _atom_site_fract_x\n _atom_site_fract_y\n _atom_site_fract_z\n _atom_site_occupancy\n  Li  Li1  1  0.000000  0.000000  0.000000  1\n  Pd  Pd2  1  0.333333  0.666667  0.500000  1\n", "task_id": "mp-2744", "nelements": 2, "e_above_hull": 0, "is_compatible": true, "coord": 10.786507123826906, "potcar": null, "lengths_and_angles": [[2.7998704200000004, 2.7998704200000004, 4.19543024], [90.0, 90.0, 120.00000000000001]], "dos": {"GGA": {"oid": "56ee51b99bc68d3a2e090318", "fs_id": "56ed953afca0f06bbfd23f8a", "task_id": "mp-993456"}}}, {"energy": -24.7439786, "elasticity": {"elastic_tensor": [[73.0, 15.0, 1.0, 0.0, 0.0, 0.0], [15.0, 73.0, 1.0, 0.0, 0.0, 0.0], [1.0, 1.0, 71.0, 0.0, 0.0, 0.0], [0.0, 0.0, 0.0, 16.0, 0.0, 0.0], [0.0, 0.0, 0.0, 0.0, 16.0, 0.0], [0.0, 0.0, 0.0, 0.0, 0.0, 29.0]], "compliance_tensor": [[14.4, -3.0, -0.2, 0.0, 0.0, -0.0], [-3.0, 14.4, -0.2, 0.0, 0.0, -0.0], [-0.2, -0.2, 14.1, 0.0, 0.0, 0.0], [0.0, 0.0, 0.0, 63.8, -0.0, 0.0], [0.0, 0.0, 0.0, -0.0, 63.8, 0.0], [-0.0, -0.0, 0.0, 0.0, 0.0, 34.7]], "G_Voigt_Reuss_Hill": 24.0, "G_Reuss": 22.0, "elastic_tensor_original": [[72.71788149099177, 14.537060024587403, 0.9922671404223364, 0.0, 0.0, 0.0], [15.18872698263576, 72.66782255989831, 0.9922671804971112, 0.0, 0.0, 0.0], [1.4747818547020701, 1.1736303737041511, 71.14556671763737, 0.0, 0.0, 0.0], [0.0, 0.0, 0.0, 15.668524876666666, 0.0, 0.0], [0.0, 0.0, 0.0, 0.0, 15.679015706666668, 0.0], [0.0, 0.0, 0.0, 0.0, 0.0, 28.682900093333345]], "K_Voigt_Reuss_Hill": 28.0, "K_Reuss": 28.0, "universal_anisotropy": 0.67, "K_VRH": 28.0, "elastic_tensor_orig_symmetrized": [[72.57681244165333, 14.978933087403274, 1.1582366373314172, 0.0, 0.0, -2.218133084615677e-15], [14.978933087403274, 72.57681244165336, 1.158236637331417, 0.0, 0.0, -1.6170514001897136e-15], [1.1582366373314172, 1.158236637331417, 71.14556671763738, 0.0, 0.0, -2.1221872550331466e-17], [0.0, 0.0, 0.0, 15.673770291666656, -4.550757918645824e-16, 0.0], [0.0, 0.0, 0.0, -4.550757918645824e-16, 15.673770291666665, 0.0], [-2.218133084615677e-15, -1.6170514001897136e-15, -2.1221872550331466e-17, 0.0, 0.0, 28.798939677125045]], "state": "successful", "G_VRH": 24.0, "homogeneous_poisson": 0.17, "K_Voigt": 28.0, "warnings": null, "poisson_ratio": 0.17, "G_Voigt": 25.0, "elastic_anisotropy": 0.67}, "unit_cell_formula": {"Sb": 2.0, "Li": 6.0}, "hubbards": {}, "energy_per_atom": -3.092997325, "band_gap": 0.4833000000000003, "density": 2.9779822925882677, "incar": null, "kpoints": null, "nsites": 8, "icsd_id": 26879, "conventional_lattice": [[2.34501441, -4.061684102601154, 0.0], [2.34501441, 4.061684102601154, 0.0], [0.0, 0.0, 8.34724264]], "volrat": 0.17531067518349938, "elements": ["Li", "Sb"], "pretty_formula": "Li3Sb", "volume": 159.0100932179571, "is_hubbard": false, "formation_energy_per_atom": -0.6302732449999997, "cif": "# generated using pymatgen\ndata_Li3Sb\n_symmetry_space_group_name_H-M   'P 1'\n_cell_length_a   4.69002882\n_cell_length_b   4.69002882\n_cell_length_c   8.34724264\n_cell_angle_alpha   90.00000000\n_cell_angle_beta   90.00000000\n_cell_angle_gamma   120.00000002\n_symmetry_Int_Tables_number   1\n_chemical_formula_structural   Li3Sb\n_chemical_formula_sum   'Li6 Sb2'\n_cell_volume   159.010093218\n_cell_formula_units_Z   2\nloop_\n _symmetry_equiv_pos_site_id\n _symmetry_equiv_pos_as_xyz\n  1  'x, y, z'\nloop_\n _atom_site_type_symbol\n _atom_site_label\n _atom_site_symmetry_multiplicity\n _atom_site_fract_x\n _atom_site_fract_y\n _atom_site_fract_z\n _atom_site_occupancy\n  Li  Li1  1  0.333333  0.666667  0.912279  1\n  Li  Li2  1  0.666667  0.333333  0.412279  1\n  Li  Li3  1  0.000000  0.000000  0.250000  1\n  Li  Li4  1  0.000000  0.000000  0.750000  1\n  Li  Li5  1  0.333333  0.666667  0.587721  1\n  Li  Li6  1  0.666667  0.333333  0.087721  1\n  Sb  Sb7  1  0.666667  0.333333  0.750000  1\n  Sb  Sb8  1  0.333333  0.666667  0.250000  1\n", "task_id": "mp-7955", "nelements": 2, "e_above_hull": 0.0033612725000002897, "is_compatible": true, "coord": 8.546283075910745, "potcar": null, "lengths_and_angles": [[4.690028819999999, 4.690028819999999, 8.34724264], [90.0, 90.0, 119.99999999999999]], "dos": {"GGA": {"oid": "591106380750797f8bec0059", "fs_id": "524ac73a5638d92f525ae382", "task_id": "mp-664158"}}}, {"energy": -11.48287321, "elasticity": {"elastic_tensor": [[100.0, 36.0, 36.0, 0.0, 0.0, 0.0], [36.0, 100.0, 36.0, 0.0, 0.0, 0.0], [36.0, 36.0, 234.0, 0.0, 0.0, 0.0], [0.0, 0.0, 0.0, 18.0, 0.0, 0.0], [0.0, 0.0, 0.0, 0.0, 18.0, 0.0], [0.0, 0.0, 0.0, 0.0, 0.0, 32.0]], "compliance_tensor": [[11.9, -3.8, -1.3, 0.0, 0.0, -0.0], [-3.8, 11.9, -1.3, 0.0, 0.0, -0.0], [-1.3, -1.3, 4.7, 0.0, 0.0, 0.0], [0.0, 0.0, 0.0, 56.7, -0.0, 0.0], [0.0, 0.0, 0.0, -0.0, 56.7, 0.0], [-0.0, -0.0, 0.0, 0.0, 0.0, 31.4]], "G_Voigt_Reuss_Hill": 31.0, "G_Reuss": 26.0, "elastic_tensor_original": [[99.48258692374878, 36.40340267601003, 36.55534455111197, 0.0, 0.0, 0.0], [36.54284219688771, 99.71524015904936, 36.55534015143672, 0.0, 0.0, 0.0], [36.57357581323613, 36.29926196107657, 233.88016141506756, 0.0, 0.0, 0.0], [0.0, 0.0, 0.0, 17.576123693333336, 0.0, 0.0], [0.0, 0.0, 0.0, 0.0, 17.682355856666664, 0.0], [0.0, 0.0, 0.0, 0.0, 0.0, 32.109166630000004]], "K_Voigt_Reuss_Hill": 68.0, "K_Reuss": 64.0, "universal_anisotropy": 1.84, "K_VRH": 68.0, "elastic_tensor_orig_symmetrized": [[99.8720490801616, 36.199986897686436, 36.49588061921536, 0.0, 0.0, -3.219646771412954e-15], [36.199986897686436, 99.87204908016156, 36.495880619215356, 0.0, 0.0, -4.107825191113079e-15], [36.49588061921536, 36.495880619215356, 233.88016141506765, 0.0, 0.0, -8.90311883936022e-16], [0.0, 0.0, 0.0, 17.62923977500001, -3.608224830031759e-16, 0.0], [0.0, 0.0, 0.0, -3.608224830031759e-16, 17.629239775000002, 0.0], [-3.219646771412954e-15, -4.107825191113079e-15, -8.90311883936022e-16, 0.0, 0.0, 31.83603109123757]], "state": "successful", "G_VRH": 31.0, "homogeneous_poisson": 0.3, "K_Voigt": 72.0, "warnings": null, "poisson_ratio": 0.3, "G_Voigt": 35.0, "elastic_anisotropy": 1.84}, "unit_cell_formula": {"Pt": 1.0, "Li": 2.0}, "hubbards": {}, "energy_per_atom": -3.827624403333333, "band_gap": 0.0, "density": 8.50414587283451, "incar": null, "kpoints": null, "nsites": 3, "icsd_id": 642278, "conventional_lattice": [[2.0812767174999998, -3.6048770193201767, 0.0], [2.0812767174999998, 3.6048770193201767, 0.0], [0.0, 0.0, 2.71921604]], "volrat": 0.1428991031217053, "elements": ["Li", "Pt"], "pretty_formula": "Li2Pt", "volume": 40.803177809322904, "is_hubbard": false, "formation_energy_per_atom": -0.5367729399999993, "cif": "# generated using pymatgen\ndata_Li2Pt\n_symmetry_space_group_name_H-M   'P 1'\n_cell_length_a   4.16255343\n_cell_length_b   4.16255344\n_cell_length_c   2.71921604\n_cell_angle_alpha   90.00000000\n_cell_angle_beta   90.00000000\n_cell_angle_gamma   120.00000003\n_symmetry_Int_Tables_number   1\n_chemical_formula_structural   Li2Pt\n_chemical_formula_sum   'Li2 Pt1'\n_cell_volume   40.8031778093\n_cell_formula_units_Z   1\nloop_\n _symmetry_equiv_pos_site_id\n _symmetry_equiv_pos_as_xyz\n  1  'x, y, z'\nloop_\n _atom_site_type_symbol\n _atom_site_label\n _atom_site_symmetry_multiplicity\n _atom_site_fract_x\n _atom_site_fract_y\n _atom_site_fract_z\n _atom_site_occupancy\n  Li  Li1  1  0.333333  0.666667  0.500000  1\n  Li  Li2  1  0.666667  0.333333  0.500000  1\n  Pt  Pt3  1  0.000000  0.000000  0.000000  1\n", "task_id": "mp-2170", "nelements": 2, "e_above_hull": 0, "is_compatible": true, "coord": 7.774411519420884, "potcar": null, "lengths_and_angles": [[4.1625534349999995, 4.1625534349999995, 2.71921604], [90.0, 90.0, 120.00000000000001]], "dos": {"GGA": {"oid": "56b4c4aa9ce3864e72b9f3cb", "fs_id": "54ce1405c38178186dc4e16f", "task_id": "mp-929032"}}}, {"energy": -11.27269779, "elasticity": {"elastic_tensor": [[30.0, 16.0, 6.0, 0.0, 0.0, 0.0], [16.0, 30.0, 6.0, 0.0, 0.0, 0.0], [6.0, 6.0, 40.0, 0.0, 0.0, 0.0], [0.0, 0.0, 0.0, 6.0, 0.0, 0.0], [0.0, 0.0, 0.0, 0.0, 6.0, 0.0], [0.0, 0.0, 0.0, 0.0, 0.0, 7.0]], "compliance_tensor": [[49.0, -26.5, -3.1, 0.0, 0.0, -0.0], [-26.5, 49.0, -3.1, 0.0, 0.0, -0.0], [-3.1, -3.1, 25.6, 0.0, 0.0, 0.0], [0.0, 0.0, 0.0, 179.8, -0.0, 0.0], [0.0, 0.0, 0.0, -0.0, 179.8, 0.0], [-0.0