[{"energy": -27.43430527, "elasticity": {"elastic_tensor": [[65.0, 19.0, 30.0, 0.0, 5.0, 0.0], [19.0, 52.0, 16.0, 0.0, 2.0, 0.0], [30.0, 16.0, 104.0, 0.0, 39.0, 0.0], [0.0, 0.0, 0.0, 5.0, 0.0, -6.0], [5.0, 2.0, 39.0, 0.0, 28.0, 0.0], [0.0, 0.0, 0.0, -6.0, 0.0, 14.0]], "compliance_tensor": [[19.9, -5.3, -7.9, 0.0, 7.7, 0.0], [-5.3, 22.0, -3.4, 0.0, 4.0, 0.0], [-7.9, -3.4, 25.1, 0.0, -33.7, 0.0], [-0.0, -0.0, -0.0, 419.8, -0.0, 170.2], [7.7, 4.0, -33.7, 0.0, 82.1, 0.0], [0.0, 0.0, 0.0, 170.2, 0.0, 139.4]], "G_Voigt_Reuss_Hill": 13.0, "G_Reuss": 7.0, "elastic_tensor_original": [[52.04781471269237, 17.725113757038113, 16.931555571524957, -1.7179929033333334, 1.9029036166666657, 0.002852063333333321], [17.67575431668201, 59.2501664571753, 15.908997019291807, -7.349434543333335, 0.3279177333333332, 0.004502693333333403], [18.54210917213597, 12.861374877269544, 142.31605266020412, -21.253173993333334, 2.958611808333332, 0.013049180000000035], [-3.8356611784058843, -5.8260083945853065, -16.985348138391753, 11.741467, -2.390693299999999, -0.003179409999999959], [0.0, 0.0, 0.0, 0.0, 2.288254641666666, 3.0564402200000007], [0.0, 0.0, 0.0, 0.0, 1.0557313833333328, 16.64842015666667]], "K_Voigt_Reuss_Hill": 34.0, "K_Reuss": 29.0, "universal_anisotropy": 10.18, "K_VRH": 34.0, "elastic_tensor_orig_symmetrized": [[52.04781471269236, 17.70043403686006, 17.736832371830463, -2.776827040869607, 0.0, 0.0], [17.70043403686006, 59.250166457175276, 14.38518594828067, -6.587721468959316, 0.0, 0.0], [17.736832371830463, 14.38518594828067, 142.31605266020412, -19.11926106586253, 0.0, 0.0], [-2.776827040869607, -6.587721468959316, -19.11926106586253, 11.741466999999997, 0.0, 0.0], [0.0, 0.0, 0.0, 0.0, 2.2882546416666654, 2.0560858016666663], [0.0, 0.0, 0.0, 0.0, 2.0560858016666663, 16.64842015666667]], "state": "successful", "G_VRH": 13.0, "homogeneous_poisson": 0.33, "K_Voigt": 39.0, "warnings": null, "poisson_ratio": 0.33, "G_Voigt": 20.0, "elastic_anisotropy": 10.18}, "unit_cell_formula": {"N": 3.0, "Li": 1.0}, "hubbards": {}, "energy_per_atom": -6.8585763175, "band_gap": 3.6364, "density": 1.7901059321670305, "incar": null, "kpoints": null, "nsites": 4, "icsd_id": 155166, "conventional_lattice": [[0.0, 5.68506808199982, 0.0], [3.354049492344371, 0.0, 0.0], [0.0, -1.4808508827331777, -4.763721372027582]], "volrat": 0.08044993966713154, "elements": ["Li", "N"], "pretty_formula": "LiN3", "volume": 45.41731899997247, "is_hubbard": false, "formation_energy_per_atom": -0.4170082817849998, "cif": "# generated using pymatgen\ndata_LiN3\n_symmetry_space_group_name_H-M   'P 1'\n_cell_length_a   3.30036540\n_cell_length_b   3.30036540\n_cell_length_c   4.98858303\n_cell_angle_alpha   75.18678033\n_cell_angle_beta   75.18678033\n_cell_angle_gamma   61.07910631\n_symmetry_Int_Tables_number   1\n_chemical_formula_structural   LiN3\n_chemical_formula_sum   'Li1 N3'\n_cell_volume   45.417319\n_cell_formula_units_Z   1\nloop_\n _symmetry_equiv_pos_site_id\n _symmetry_equiv_pos_as_xyz\n  1  'x, y, z'\nloop_\n _atom_site_type_symbol\n _atom_site_label\n _atom_site_symmetry_multiplicity\n _atom_site_fract_x\n _atom_site_fract_y\n _atom_site_fract_z\n _atom_site_occupancy\n  Li  Li1  1  0.000000  0.000000  0.000000  1\n  N  N2  1  0.605811  0.605811  0.256707  1\n  N  N3  1  0.394189  0.394189  0.743293  1\n  N  N4  1  0.500000  0.500000  0.500000  1\n", "task_id": "mp-2659", "nelements": 2, "e_above_hull": 0, "is_compatible": true, "coord": 5.866705004826829, "potcar": null, "lengths_and_angles": [[5.68506808199982, 3.354049492344371, 4.98858303], [90.0, 107.26838452849499, 90.0]], "dos": {"GGA": {"oid": "5456f7668250f42f9525ca75", "fs_id": "52448123fca0f02575c25804", "task_id": "mp-659500"}}}, {"energy": -10.49923381, "elasticity": {"elastic_tensor": [[44.0, 20.0, 26.0, 0.0, -0.0, 0.0], [20.0, 38.0, 29.0, 0.0, -1.0, 0.0], [26.0, 29.0, 35.0, 0.0, -1.0, 0.0], [0.0, 0.0, 0.0, 37.0, 0.0, 0.0], [-0.0, -1.0, -1.0, 0.0, 37.0, 0.0], [0.0, 0.0, 0.0, 0.0, 0.0, 30.0]], "compliance_tensor": [[42.9, 6.2, -37.8, 0.0, -0.6, 0.0], [6.2, 70.0, -62.7, 0.0, -0.5, 0.0], [-37.8, -62.7, 109.5, 0.0, 1.7, 0.0], [0.0, 0.0, 0.0, 27.2, 0.0, -0.0], [-0.6, -0.5, 1.7, 0.0, 27.1, 0.0], [0.0, 0.0, 0.0, -0.0, 0.0, 33.4]], "G_Voigt_Reuss_Hill": 17.0, "G_Reuss": 10.0, "elastic_tensor_original": [[38.316558534308335, 20.90706509720888, 26.70029882721916, 2.9795740300000007, 0.0, 0.0], [21.44877526486419, 54.997615846111, 15.056341506179065, 13.953517900000001, 0.0, 0.0], [28.099867895918152, 15.250216304958318, 46.14863279591563, -15.775756640000004, 0.0, 0.0], [3.6462711432748303, 13.918404078877092, -15.430330495640996, 25.695868646666668, 0.0, 0.0], [0.0, 0.0, 0.0, 0.0, 36.07181327, 2.039405103333334], [0.0, 0.0, 0.0, 0.0, 2.148417513333334, 30.66271716]], "K_Voigt_Reuss_Hill": 30.0, "K_Reuss": 30.0, "universal_anisotropy": 7.0, "K_VRH": 30.0, "elastic_tensor_orig_symmetrized": [[38.31655853430832, 21.177920181036534, 27.400083361568647, 3.312922586637415, 0.0, 0.0], [21.177920181036534, 54.997615846110996, 15.15327890556869, 13.935960989438549, 0.0, 0.0], [27.400083361568647, 15.15327890556869, 46.14863279591563, -15.6030435678205, 0.0, 0.0], [3.312922586637415, 13.935960989438549, -15.6030435678205, 25.695868646666668, 0.0, 0.0], [0.0, 0.0, 0.0, 0.0, 36.07181327, 2.0939113083333334], [0.0, 0.0, 0.0, 0.0, 2.0939113083333334, 30.662717159999996]], "state": "successful", "G_VRH": 17.0, "homogeneous_poisson": 0.26, "K_Voigt": 30.0, "warnings": null, "poisson_ratio": 0.26, "G_Voigt": 24.0, "elastic_anisotropy": 7.0}, "unit_cell_formula": {"Mg": 4.0, "Li": 2.0}, "hubbards": {}, "energy_per_atom": -1.7498723016666666, "band_gap": 0.0, "density": 1.4629209516567032, "incar": null, "kpoints": null, "nsites": 6, "icsd_id": null, "conventional_lattice": [[0.0, 10.940417268623413, 0.0], [3.41987893, 0.0, 0.0], [0.0, -2.3374147371158873, -6.741215681597762]], "volrat": 0.1913400438365216, "elements": ["Li", "Mg"], "pretty_formula": "LiMg2", "volume": 126.11015994542619, "is_hubbard": false, "formation_energy_per_atom": -0.05119041833333308, "cif": "# generated using pymatgen\ndata_LiMg2\n_symmetry_space_group_name_H-M   'P 1'\n_cell_length_a   3.41987893\n_cell_length_b   5.72618715\n_cell_length_c   7.13494895\n_cell_angle_alpha   71.75042861\n_cell_angle_beta   90.03851177\n_cell_angle_gamma   107.19729986\n_symmetry_Int_Tables_number   1\n_chemical_formula_structural   LiMg2\n_chemical_formula_sum   'Li2 Mg4'\n_cell_volume   126.110159945\n_cell_formula_units_Z   2\nloop_\n _symmetry_equiv_pos_site_id\n _symmetry_equiv_pos_as_xyz\n  1  'x, y, z'\nloop_\n _atom_site_type_symbol\n _atom_site_label\n _atom_site_symmetry_multiplicity\n _atom_site_fract_x\n _atom_site_fract_y\n _atom_site_fract_z\n _atom_site_occupancy\n  Li  Li1  1  0.697062  0.394076  0.630158  1\n  Li  Li2  1  0.358606  0.717222  0.759109  1\n  Mg  Mg3  1  0.015306  0.030550  0.931874  1\n  Mg  Mg4  1  0.698051  0.396258  0.089265  1\n  Mg  Mg5  1  0.357259  0.714441  0.298919  1\n  Mg  Mg6  1  0.040386  0.080788  0.457341  1\n", "task_id": "mp-973455", "nelements": 2, "e_above_hull": 0.008930278333333375, "is_compatible": true, "coord": 8.89306092343963, "potcar": null, "lengths_and_angles": [[10.940417268623413, 3.41987893, 7.134948950000001], [90.0, 109.12321624958409, 90.0]], "dos": {"GGA": {"oid": "59110cd20750790d3dec002a", "fs_id": "55f98df9e3f3d446e7ff3a56", "task_id": "mp-973552"}}}, {"energy": -10.77405235, "elasticity": {"elastic_tensor": [[41.0, 13.0, 23.0, 0.0, -1.0, 0.0], [13.0, 44.0, 20.0, 0.0, -1.0, 0.0], [23.0, 20.0, 31.0, 0.0, -0.0, 0.0], [0.0, 0.0, 0.0, 27.0, 0.0, -0.0], [-1.0, -1.0, -0.0, 0.0, 29.0, 0.0], [0.0, 0.0, 0.0, -0.0, 0.0, 21.0]], "compliance_tensor": [[41.0, 1.3, -30.5, 0.0, 0.9, 0.0], [1.3, 32.1, -21.0, 0.0, 1.0, 0.0], [-30.5, -21.0, 66.9, 0.0, -1.2, 0.0], [0.0, 0.0, 0.0, 37.0, 0.0, 0.1], [0.9, 1.0, -1.2, 0.0, 34.6, 0.0], [0.0, 0.0, 0.0, 0.1, 0.0, 47.4]], "G_Voigt_Reuss_Hill": 16.0, "G_Reuss": 13.0, "elastic_tensor_original": [[43.51944617576535, 14.318819761238878, 18.190236662343818, 2.7121781500000015, 0.0, 0.0], [14.587358320034486, 49.02675620737145, 14.708599343778724, 9.252928553333337, 0.0, 0.0], [18.61740381582858, 13.495446668312523, 40.759876314470816, -11.911266963333334, 0.0, 0.0], [2.6880809162698514, 10.113056703606064, -12.19646229204963, 20.29878349333334, 0.0, 0.0], [0.0, 0.0, 0.0, 0.0, 26.3412347, 1.83128994], [0.0, 0.0, 0.0, 0.0, 1.8993643066666668, 21.76876486]], "K_Voigt_Reuss_Hill": 25.0, "K_Reuss": 25.0, "universal_anisotropy": 2.24, "K_VRH": 25.0, "elastic_tensor_orig_symmetrized": [[43.51944617576533, 14.453089040636677, 18.403820239086194, 2.700129533134925, 0.0, 0.0], [14.453089040636677, 49.02675620737145, 14.102023006045624, 9.682992628469698, 0.0, 0.0], [18.403820239086194, 14.102023006045624, 40.75987631447082, -12.053864627691482, 0.0, 0.0], [2.700129533134925, 9.682992628469698, -12.053864627691482, 20.298783493333335, 0.0, 0.0], [0.0, 0.0, 0.0, 0.0, 26.341234699999998, 1.8653271233333317], [0.0, 0.0, 0.0, 0.0, 1.8653271233333317, 21.76876486]], "state": "successful", "G_VRH": 16.0, "homogeneous_poisson": 0.23, "K_Voigt": 25.0, "warnings": null, "poisson_ratio": 0.23, "G_Voigt": 19.0, "elastic_anisotropy": 2.24}, "unit_cell_formula": {"Mg": 3.0, "Li": 3.0}, "hubbards": {}, "energy_per_atom": -1.7956753916666666, "band_gap": 0.0, "density": 1.2645006586799126, "incar": null, "kpoints": null, "nsites": 6, "icsd_id": null, "conventional_lattice": [[0.0, 10.873188174942902, 0.0], [3.32980622, 0.0, 0.0], [0.0, -2.336044476029836, -6.799857536509599]], "volrat": 0.20377533761147035, "elements": ["Li", "Mg"], "pretty_formula": "LiMg", "volume": 123.09649370937939, "is_hubbard": false, "formation_energy_per_atom": -0.04445008416666655, "cif": "# generated using pymatgen\ndata_LiMg\n_symmetry_space_group_name_H-M   'P 1'\n_cell_length_a   3.32980622\n_cell_length_b   5.68581181\n_cell_length_c   7.18993507\n_cell_angle_alpha   71.90076493\n_cell_angle_beta   90.00000000\n_cell_angle_gamma   107.02668376\n_symmetry_Int_Tables_number   1\n_chemical_formula_structural   LiMg\n_chemical_formula_sum   'Li3 Mg3'\n_cell_volume   123.096493709\n_cell_formula_units_Z   3\nloop_\n _symmetry_equiv_pos_site_id\n _symmetry_equiv_pos_as_xyz\n  1  'x, y, z'\nloop_\n _atom_site_type_symbol\n _atom_site_label\n _atom_site_symmetry_multiplicity\n _atom_site_fract_x\n _atom_site_fract_y\n _atom_site_fract_z\n _atom_site_occupancy\n  Li  Li1  1  0.038995  0.077991  0.458019  1\n  Li  Li2  1  0.693546  0.387092  0.614593  1\n  Li  Li3  1  0.353401  0.706802  0.759292  1\n  Mg  Mg4  1  0.018456  0.036911  0.925762  1\n  Mg  Mg5  1  0.695133  0.390267  0.108259  1\n  Mg  Mg6  1  0.367134  0.734269  0.300739  1\n", "task_id": "mp-976262", "nelements": 2, "e_above_hull": 0.012767560000000122, "is_compatible": true, "coord": 9.14896030927787, "potcar": null, "lengths_and_angles": [[10.873188174942902, 3.32980622, 7.18993507], [90.0, 108.95980793360674, 90.0]], "dos": {"GGA": {"oid": "59110d470750790d3dec0091", "fs_id": "55fb648569013c43b92f9702", "task_id": "mp-976432"}}}, {"energy": -58.66663422, "elasticity": {"elastic_tensor": [[80.0, -5.0, 18.0, 0.0, -8.0, 0.0], [-5.0, 75.0, 19.0, 0.0, -8.0, 0.0], [18.0, 19.0, 57.0, 0.0, 16.0, 0.0], [0.0, 0.0, 0.0, 36.0, 0.0, -8.0], [-8.0, -8.0, 16.0, 0.0, 36.0, 0.0], [0.0, 0.0, 0.0, -8.0, 0.0, 11.0]], "compliance_tensor": [[15.3, 3.9, -8.2, 0.0, 7.7, 0.0], [3.9, 17.0, -9.3, 0.0, 8.7, 0.0], [-8.2, -9.3, 27.6, 0.0, -16.0, 0.0], [0.0, 0.0, 0.0, 33.0, 0.0, 23.7], [7.7, 8.7, -16.0, 0.0, 38.5, 0.0], [0.0, 0.0, 0.0, 23.7, 0.0, 111.2]], "G_Voigt_Reuss_Hill": 23.0, "G_Reuss": 18.0, "elastic_tensor_original": [[80.03826203172628, -4.731874156482883, 17.31816103954419, 0.0, 7.620417570000001, 0.0], [-5.223421453029341, 74.66950907071168, 18.991719085655184, 0.0, 7.635282586666668, 0.0], [17.663279100055103, 19.189772367330495, 57.02049023076758, 0.0, -15.818060630000005, 0.0], [0.0, 0.0, 0.0, 35.76214304666669, 0.0, 7.589210906666667], [7.761017514051502, 8.28703353401139, -15.9723100157562, 0.0, 35.915065106666674, 0.0], [0.0, 0.0, 0.0, 7.691848680000001, 0.0, 10.62597457666667]], "K_Voigt_Reuss_Hill": 31.0, "K_Reuss": 31.0, "universal_anisotropy": 2.99, "K_VRH": 31.0, "elastic_tensor_orig_symmetrized": [[80.03826203172628, -4.977647804756112, 17.490720069799647, 0.0, 0.0, 0.0], [-4.977647804756112, 74.66950907071168, 19.09074572649284, 0.0, 0.0, 0.0], [17.490720069799647, 19.09074572649284, 57.02049023076758, 0.0, 0.0, 0.0], [0.0, 0.0, 0.0, 35.76214304666669, 0.0, 0.0], [0.0, 0.0, 0.0, 0.0, 35.915065106666674, 0.0], [0.0, 0.0, 0.0, 0.0, 0.0, 10.62597457666667]], "state": "successful", "G_VRH": 23.0, "homogeneous_poisson": 0.2, "K_Voigt": 31.0, "warnings": null, "poisson_ratio": 0.2, "G_Voigt": 28.0, "elastic_anisotropy": 2.99}, "unit_cell_formula": {"Sn": 6.0, "Li": 14.0}, "hubbards": {}, "energy_per_atom": -2.933331711, "band_gap": 0.0, "density": 3.6537808341916884, "incar": null, "kpoints": null, "nsites": 20, "icsd_id": null, "conventional_lattice": [[0.0, 8.531777190000001, 0.0], [4.74320225, 0.0, 0.0], [0.0, -2.6245427723475103, -9.090271624068173]], "volrat": 0.2194951097928552, "elements": ["Li", "Sn"], "pretty_formula": "Li7Sn3", "volume": 367.8646098317671, "is_hubbard": false, "formation_energy_per_atom": -0.3942631760000001, "cif": "# generated using pymatgen\ndata_Li7Sn3\n_symmetry_space_group_name_H-M   'P 1'\n_cell_length_a   4.74320225\n_cell_length_b   8.53177719\n_cell_length_c   9.46156768\n_cell_angle_alpha   106.10448396\n_cell_angle_beta   90.00000000\n_cell_angle_gamma   90.00000000\n_symmetry_Int_Tables_number   1\n_chemical_formula_structural   Li7Sn3\n_chemical_formula_sum   'Li14 Sn6'\n_cell_volume   367.864609832\n_cell_formula_units_Z   2\nloop_\n _symmetry_equiv_pos_site_id\n _symmetry_equiv_pos_as_xyz\n  1  'x, y, z'\nloop_\n _atom_site_type_symbol\n _atom_site_label\n _atom_site_symmetry_multiplicity\n _atom_site_fract_x\n _atom_site_fract_y\n _atom_site_fract_z\n _atom_site_occupancy\n  Li  Li1  1  0.750000  0.603698  0.275102  1\n  Li  Li2  1  0.250000  0.396302  0.724898  1\n  Li  Li3  1  0.750000  0.993033  0.872697  1\n  Li  Li4  1  0.250000  0.006967  0.127303  1\n  Li  Li5  1  0.750000  0.005569  0.379250  1\n  Li  Li6  1  0.250000  0.994431  0.620750  1\n  Li  Li7  1  0.750000  0.199625  0.681727  1\n  Li  Li8  1  0.250000  0.800375  0.318273  1\n  Li  Li9  1  0.750000  0.187827  0.169822  1\n  Li  Li10  1  0.250000  0.812173  0.830178  1\n  Li  Li11  1  0.750000  0.400178  0.466250  1\n  Li  Li12  1  0.250000  0.599822  0.533750  1\n  Li  Li13  1  0.750000  0.398285  0.985556  1\n  Li  Li14  1  0.250000  0.601715  0.014444  1\n  Sn  Sn15  1  0.750000  0.595798  0.776008  1\n  Sn  Sn16  1  0.250000  0.404202  0.223992  1\n  Sn  Sn17  1  0.750000  0.806016  0.085608  1\n  Sn  Sn18  1  0.250000  0.193984  0.914392  1\n  Sn  Sn19  1  0.750000  0.802869  0.567666  1\n  Sn  Sn20  1  0.250000  0.197131  0.432334  1\n", "task_id": "mp-30768", "nelements": 2, "e_above_hull": 0.0017240986666666736, "is_compatible": true, "coord": 9.457962385541611, "potcar": null, "lengths_and_angles": [[8.531777190000001, 4.74320225, 9.46156768], [90.0, 106.10448396, 90.0]], "dos": {"GGA": {"oid": "59110be90750790d14ebff3b", "fs_id": "54fdcfc7abaf970bec369e28", "task_id": "mp-941766"}}}, {"energy": -10.63360238, "elasticity": {"elastic_tensor": [[30.0, 46.0, -4.0, 0.0, 1.0, 0.0], [46.0, 107.0, 19.0, 0.0, 1.0, 0.0], [-4.0, 19.0, 156.0, 0.0, 0.0, 0.0], [0.0, 0.0, 0.0, 70.0, 0.0, 1.0], [1.0, 1.0, 0.0, 0.0, 2.0, 0.0], [0.0, 0.0, 0.0, 1.0, 0.0, 73.0]], "compliance_tensor": [[100.6, -44.3, 7.8, 0.0, -9.4, 0.0], [-44.3, 29.1, -4.6, 0.0, 0.2, 0.0], [7.8, -4.6, 7.1, 0.0, -0.3, 0.0], [0.0, 0.0, 0.0, 14.2, 0.0, -0.3], [-9.4, 0.2, -0.3, 0.0, 448.8, 0.0], [0.0, 0.0, 0.0, -0.3, 0.0, 13.7]], "G_Voigt_Reuss_Hill": 26.0, "G_Reuss": 7.0, "elastic_tensor_original": [[107.01412655078839, 19.260286317664512, 45.37756267348507, -2.6767688266666667, 0.0, 0.0], [19.551879820626056, 152.2105301188934, -1.2011425391482193, 17.518264743333336, 0.0, 0.0], [45.557009955369125, -1.3892911931620413, 29.790597426864537, -3.0750305866666667, 0.0, 0.0], [-3.0148165857817166, 17.8843646650488, -2.816289245648001, 4.627369369999999, 0.0, 0.0], [0.0, 0.0, 0.0, 0.0, 73.24107633000001, 0.37327276666666676], [0.0, 0.0, 0.0, 0.0, 0.7186134366666669, 70.02840656666666]], "K_Voigt_Reuss_Hill": 32.0, "K_Reuss": 18.0, "universal_anisotropy": 28.39, "K_VRH": 32.0, "elastic_tensor_orig_symmetrized": [[107.01412655078839, 19.406083069145282, 45.4672863144271, -2.8457927062241914, 0.0, 0.0], [19.406083069145282, 152.2105301188934, -1.2952168661551302, 17.70131470419107, 0.0, 0.0], [45.4672863144271, -1.2952168661551302, 29.790597426864537, -2.945659916157334, 0.0, 0.0], [-2.8457927062241914, 17.70131470419107, -2.945659916157334, 4.627369369999999, 0.0, 0.0], [0.0, 0.0, 0.0, 0.0, 73.24107633000001, 0.5459431016666668], [0.0, 0.0, 0.0, 0.0, 0.5459431016666668, 70.02840656666666]], "state": "successful", "G_VRH": 26.0, "homogeneous_poisson": 0.18, "K_Voigt": 46.0, "warnings": null, "poisson_ratio": 0.18, "G_Voigt": 45.0, "elastic_anisotropy": 28.39}, "unit_cell_formula": {"Be": 2.0, "Li": 2.0}, "hubbards": {}, "energy_per_atom": -2.658400595, "band_gap": 0.0, "density": 1.1922305562803532, "incar": null, "kpoints": null, "nsites": 4, "icsd_id": [188829], "conventional_lattice": [[0.0, 2.2777610500000005, 0.0], [3.72589789, 0.0, 0.0], [0.0, -0.8787141044480161, -5.236330451963872]], "volrat": 0.12590622570210971, "elements": ["Be", "Li"], "pretty_formula": "LiBe", "volume": 44.43919237546523, "is_hubbard": false, "formation_energy_per_atom": 0.16082704999999997, "cif": "# generated using pymatgen\ndata_LiBe\n_symmetry_space_group_name_H-M   'P 1'\n_cell_length_a   2.27776105\n_cell_length_b   3.72589789\n_cell_length_c   5.30954754\n_cell_angle_alpha   90.00000000\n_cell_angle_beta   80.47389351\n_cell_angle_gamma   90.00000000\n_symmetry_Int_Tables_number   1\n_chemical_formula_structural   LiBe\n_chemical_formula_sum   'Li2 Be2'\n_cell_volume   44.4391923755\n_cell_formula_units_Z   2\nloop_\n _symmetry_equiv_pos_site_id\n _symmetry_equiv_pos_as_xyz\n  1  'x, y, z'\nloop_\n _atom_site_type_symbol\n _atom_site_label\n _atom_site_symmetry_multiplicity\n _atom_site_fract_x\n _atom_site_fract_y\n _atom_site_fract_z\n _atom_site_occupancy\n  Li  Li1  1  0.510647  0.750000  0.148811  1\n  Li  Li2  1  0.489353  0.250000  0.851189  1\n  Be  Be3  1  0.197025  0.750000  0.581549  1\n  Be  Be4  1  0.802975  0.250000  0.418451  1\n", "task_id": "mp-1001825", "nelements": 2, "e_above_hull": 0.16082704999999997, "is_compatible": true, "coord": 7.322090907550017, "potcar": null, "lengths_and_angles": [[2.2777610500000005, 3.72589789, 5.30954754], [90.0, 99.52610648999999, 90.0]], "dos": {"GGA": {"oid": "59110dc50750790d2eec00fc", "fs_id": "579750e31348062a483320b2", "task_id": "mp-1001846"}}}, {"energy": -34.19958424, "elasticity": {"elastic_tensor": [[76.0, -4.0, 8.0, 0.0, 2.0, 0.0], [-4.0, 107.0, 15.0, 0.0, 13.0, 0.0], [8.0, 15.0, 65.0, 0.0, -13.0, 0.0], [0.0, 0.0, 0.0, 39.0, 0.0, 13.0], [2.0, 13.0, -13.0, 0.0, 24.0, 0.0], [0.0, 0.0, 0.0, 13.0, 0.0, 16.0]], "compliance_tensor": [[13.6, 1.3, -2.5, 0.0, -3.1, 0.0], [1.3, 10.8, -4.1, 0.0, -7.8, 0.0], [-2.5, -4.1, 18.9, 0.0, 12.0, 0.0], [0.0, 0.0, 0.0, 36.1, 0.0, -30.4], [-3.1, -7.8, 12.0, 0.0, 51.4, 0.0], [0.0, 0.0, 0.0, -30.4, 0.0, 88.9]], "G_Voigt_Reuss_Hill": 26.0, "G_Reuss": 21.0, "elastic_tensor_original": [[107.40250708382294, -8.773141298605218, 20.144157358264906, -5.560714880000003, -0.010352206666666135, 0.0], [-10.026166935736015, 72.3922159216356, 16.333821446729402, -3.283781053333334, 0.0013279466666668402, 0.0], [19.789401366742368, 16.094521976938918, 52.492130874613956, 9.319749120000003, 0.0, 0.0], [-6.146731741183969, -3.463027824443495, 9.969439121779963, 32.611583476666674, 0.0021738766666666827, 0.0], [0.0, 0.0, 0.0, 0.0, 44.19951315, -5.468931913333334], [0.0, 0.0, 0.0, 0.0, -5.580103276666667, 10.616117293333334]], "K_Voigt_Reuss_Hill": 31.0, "K_Reuss": 31.0, "universal_anisotropy": 2.56, "K_VRH": 31.0, "elastic_tensor_orig_symmetrized": [[107.4025070838229, -9.399654117170614, 19.966779362503633, -5.853723310591985, 0.0, 0.0], [-9.399654117170614, 72.39221592163561, 16.21417171183416, -3.3734044388884143, 0.0, 0.0], [19.966779362503633, 16.21417171183416, 52.492130874613956, 9.644594120889984, 0.0, 0.0], [-5.853723310591985, -3.3734044388884143, 9.644594120889984, 32.611583476666674, 0.0, 0.0], [0.0, 0.0, 0.0, 0.0, 44.19951314999999, -5.524517595], [0.0, 0.0, 0.0, 0.0, -5.524517595, 10.616117293333332]], "state": "successful", "G_VRH": 26.0, "homogeneous_poisson": 0.17, "K_Voigt": 32.0, "warnings": null, "poisson_ratio": 0.17, "G_Voigt": 31.0, "elastic_anisotropy": 2.56}, "unit_cell_formula": {"Al": 4.0, "Li": 9.0}, "hubbards": {}, "energy_per_atom": -2.6307372492307692, "band_gap": 0.0, "density": 1.3074337763348127, "incar": null, "kpoints": null, "nsites": 13, "icsd_id": 653766, "conventional_lattice": [[0.0, 18.690067309876877, 0.0], [4.47100572, 0.0, 0.0], [0.0, -1.4111490947466458, -5.17965246026512]], "volrat": 0.21557934131820647, "elements": ["Al", "Li"], "pretty_formula": "Li9Al4", "volume": 216.41462149173208, "is_hubbard": false, "formation_energy_per_atom": -0.15599207846153826, "cif": "# generated using pymatgen\ndata_Li9Al4\n_symmetry_space_group_name_H-M   'P 1'\n_cell_length_a   4.47100572\n_cell_length_b   5.36843938\n_cell_length_c   9.60999285\n_cell_angle_alpha   104.81776587\n_cell_angle_beta   103.48558756\n_cell_angle_gamma   89.96731586\n_symmetry_Int_Tables_number   1\n_chemical_formula_structural   Li9Al4\n_chemical_formula_sum   'Li9 Al4'\n_cell_volume   216.414621492\n_cell_formula_units_Z   1\nloop_\n _symmetry_equiv_pos_site_id\n _symmetry_equiv_pos_as_xyz\n  1  'x, y, z'\nloop_\n _atom_site_type_symbol\n _atom_site_label\n _atom_site_symmetry_multiplicity\n _atom_site_fract_x\n _atom_site_fract_y\n _atom_site_fract_z\n _atom_site_occupancy\n  Li  Li1  1  0.232873  0.842594  0.465761  1\n  Li  Li2  1  0.307952  0.472885  0.615855  1\n  Li  Li3  1  0.692048  0.527115  0.384145  1\n  Li  Li4  1  0.543535  0.325860  0.087077  1\n  Li  Li5  1  0.767127  0.157406  0.534239  1\n  Li  Li6  1  0.456465  0.674140  0.912923  1\n  Li  Li7  1  0.000000  0.000000  0.000000  1\n  Li  Li8  1  0.914045  0.359347  0.828167  1\n  Li  Li9  1  0.085955  0.640653  0.171833  1\n  Al  Al10  1  0.614266  0.934058  0.228561  1\n  Al  Al11  1  0.385734  0.065942  0.771439  1\n  Al  Al12  1  0.150785  0.216684  0.301611  1\n  Al  Al13  1  0.849215  0.783316  0.698389  1\n", "task_id": "mp-568404", "nelements": 2, "e_above_hull": 0, "is_compatible": true, "coord": 9.38240726124431, "potcar": null, "lengths_and_angles": [[18.690067309876877, 4.47100572, 5.368439380000001], [90.0, 105.23984472251183, 90.0]], "dos": {"GGA": {"oid": "57d91a2f9bc68d655c147a92", "fs_id": "57d86b0d2f10aa2a56771e87", "task_id": "mp-1007413"}}}, {"energy": -19.71487615, "elasticity": {"elastic_tensor": [[58.0, 25.0, 20.0, 0.0, 3.0, 0.0], [25.0, 73.0, 21.0, 0.0, 2.0, 0.0], [20.0, 21.0, 58.0, 0.0, 1.0, 0.0], [0.0, 0.0, 0.0, 18.0, 0.0, 0.0], [3.0, 2.0, 1.0, 0.0, 18.0, 0.0], [0.0, 0.0, 0.0, 0.0, 0.0, 17.0]], "compliance_tensor": [[21.5, -5.6, -5.5, 0.0, -2.6, 0.0], [-5.6, 16.7, -4.1, 0.0, -0.8, 0.0], [-5.5, -4.1, 20.7, 0.0, 0.2, 0.0], [0.0, 0.0, 0.0, 55.3, 0.0, -1.3], [-2.6, -0.8, 0.2, 0.0, 56.8, 0.0], [0.0, 0.0, 0.0, -1.3, 0.0, 57.4]], "G_Voigt_Reuss_Hill": 19.0, "G_Reuss": 19.0, "elastic_tensor_original": [[58.230021872102114, 24.64984482697291, 19.506920719045993, 0.0, -3.10677293, 0.0], [24.346229764107637, 73.36884275880966, 21.019292613379104, 0.0, -2.1788139400000004, 0.0], [20.827430871601408, 20.608444640348957, 57.65826830084093, 0.0, -0.5123079433333332, 0.0], [0.0, 0.0, 0.0, 18.081248793333337, 0.0, -0.4123649466666667], [-2.7477097833074744, -2.073991967395187, -1.4817212876427632, 0.0, 17.795732120000004, 0.0], [0.0, 0.0, 0.0, -0.3972715433333335, 0.0, 17.42715943666667]], "K_Voigt_Reuss_Hill": 35.0, "K_Reuss": 35.0, "universal_anisotropy": 0.09, "K_VRH": 35.0, "elastic_tensor_orig_symmetrized": [[58.230021872102085, 24.498037295540264, 20.167175795323697, 0.0, 0.0, 0.0], [24.498037295540264, 73.36884275880966, 20.81386862686403, 0.0, 0.0, 0.0], [20.167175795323697, 20.81386862686403, 57.65826830084093, 0.0, 0.0, 0.0], [0.0, 0.0, 0.0, 18.081248793333337, 0.0, 0.0], [0.0, 0.0, 0.0, 0.0, 17.79573212, 0.0], [0.0, 0.0, 0.0, 0.0, 0.0, 17.427159436666667]], "state": "successful", "G_VRH": 19.0, "homogeneous_poisson": 0.27, "K_Voigt": 36.0, "warnings": null, "poisson_ratio": 0.27, "G_Voigt": 19.0, "elastic_anisotropy": 0.09}, "unit_cell_formula": {"Sn": 3.0, "Li": 3.0}, "hubbards": {}, "energy_per_atom": -3.2858126916666666, "band_gap": 0.0, "density": 4.987739898839039, "incar": null, "kpoints": null, "nsites": 6, "icsd_id": 104782, "conventional_lattice": [[0.0, 5.18140115, 0.0], [3.22409284, 0.0, 0.0], [0.0, -2.1183555992948984, -7.512382791221235]], "volrat": 0.2943012772546901, "elements": ["Li", "Sn"], "pretty_formula": "LiSn", "volume": 125.49674613814763, "is_hubbard": false, "formation_energy_per_atom": -0.3266021866666661, "cif": "# generated using pymatgen\ndata_LiSn\n_symmetry_space_group_name_H-M   'P 1'\n_cell_length_a   3.22409284\n_cell_length_b   5.18140115\n_cell_length_c   7.80533956\n_cell_angle_alpha   105.74748860\n_cell_angle_beta   90.00000000\n_cell_angle_gamma   90.00000000\n_symmetry_Int_Tables_number   1\n_chemical_formula_structural   LiSn\n_chemical_formula_sum   'Li3 Sn3'\n_cell_volume   125.496746138\n_cell_formula_units_Z   3\nloop_\n _symmetry_equiv_pos_site_id\n _symmetry_equiv_pos_as_xyz\n  1  'x, y, z'\nloop_\n _atom_site_type_symbol\n _atom_site_label\n _atom_site_symmetry_multiplicity\n _atom_site_fract_x\n _atom_site_fract_y\n _atom_site_fract_z\n _atom_site_occupancy\n  Li  Li1  1  0.500000  0.731974  0.668299  1\n  Li  Li2  1  0.500000  0.500000  0.000000  1\n  Li  Li3  1  0.500000  0.268026  0.331701  1\n  Sn  Sn4  1  0.000000  0.758727  0.338054  1\n  Sn  Sn5  1  0.000000  0.241273  0.661946  1\n  Sn  Sn6  1  0.000000  0.000000  0.000000  1\n", "task_id": "mp-569073", "nelements": 2, "e_above_hull": 0, "is_compatible": true, "coord": 10.754978893530762, "potcar": null, "lengths_and_angles": [[5.18140115, 3.22409284, 7.80533956], [90.0, 105.7474886, 90.0]], "dos": {"GGA": {"oid": "57d91a209bc68d654c147a92", "fs_id": "57d8cc04689250757d23fa68", "task_id": "mp-1007457"}}}, {"energy": -49.41235459, "elasticity": {"elastic_tensor": [[65.0, 33.0, 29.0, 0.0, 3.0, 0.0], [33.0, 67.0, 36.0, 0.0, 6.0, 0.0], [29.0, 36.0, 67.0, 0.0, -0.0, -0.0], [0.0, 0.0, -0.0, 17.0, -0.0, 4.0], [3.0, 6.0, -0.0, 0.0, 12.0, -0.0], [0.0, 0.0, -0.0, 4.0, 0.0, 15.0]], "compliance_tensor": [[21.6, -7.5, -5.3, -0.0, -2.3, -0.0], [-7.5, 25.1, -10.4, 0.0, -10.7, -0.0], [-5.3, -10.4, 22.9, -0.0, 7.0, 0.0], [-0.0, -0.0, 0.0, 62.8, 0.0, -16.4], [-2.3, -10.7, 7.0, -0.0, 87.4, 0.0], [-0.0, 0.0, 0.0, -16.4, -0.0, 71.4]], "G_Voigt_Reuss_Hill": 15.0, "G_Reuss": 14.0, "elastic_tensor_original": [[67.19047206499481, 28.560766906236225, 41.09724484967281, -0.0012463533333333541, 0.0, 0.0], [27.602492450680025, 55.83431478540446, 35.189108612214135, -0.012852499999999996, 0.0, 0.0], [40.70726511493384, 35.87311787778702, 62.52248097346966, -0.037116666666666645, 0.0, 0.0], [-0.17290920036074933, 0.07455514992728056, -0.37699638829531396, 19.012560410000003, 0.0, -0.0014282400000000368], [0.0, 0.0, 0.0, 0.0, 19.95751382666667, -0.06648055666666668], [0.0, 0.0, 0.0, 0.0, 0.09728353333333334, 11.892234263333338]], "K_Voigt_Reuss_Hill": 43.0, "K_Reuss": 43.0, "universal_anisotropy": 0.4, "K_VRH": 43.0, "elastic_tensor_orig_symmetrized": [[67.19047206499481, 28.081629678458125, 40.902254982303326, -0.08707777684704135, 0.0, 0.0], [28.081629678458125, 55.83431478540446, 35.531113245000576, 0.03085132496364028, 0.0, 0.0], [40.902254982303326, 35.531113245000576, 62.52248097346966, -0.2070565274809903, 0.0, 0.0], [-0.08707777684704135, 0.03085132496364028, -0.2070565274809903, 19.012560410000003, 0.0, 0.0], [0.0, 0.0, 0.0, 0.0, 19.95751382666667, 0.015401488333333331], [0.0, 0.0, 0.0, 0.0, 0.015401488333333331, 11.892234263333338]], "state": "successful", "G_VRH": 15.0, "homogeneous_poisson": 0.34, "K_Voigt": 44.0, "warnings": null, "poisson_ratio": 0.34, "G_Voigt": 16.0, "elastic_anisotropy": 0.4}, "unit_cell_formula": {"S": 4.0, "Cu": 4.0, "Li": 4.0}, "hubbards": {}, "energy_per_atom": -4.117696215833333, "band_gap": 1.5648000000000004, "density": 3.352952417929196, "incar": null, "kpoints": null, "nsites": 12, "icsd_id": null, "conventional_lattice": [[0.0, 8.573757081372127, 0.0], [8.607962474773533, 0.0, 0.0], [0.0, -4.270476302192262, -5.505376693835083]], "volrat": 0.10651071997855865, "elements": ["Cu", "Li", "S"], "pretty_formula": "LiCuS", "volume": 203.15419510971176, "is_hubbard": false, "formation_energy_per_atom": -0.9603340605208336, "cif": "# generated using pymatgen\ndata_LiCuS\n_symmetry_space_group_name_H-M   'P 1'\n_cell_length_a   6.07670857\n_cell_length_b   6.98766041\n_cell_length_c   6.07262523\n_cell_angle_alpha   64.37470551\n_cell_angle_beta   89.77187120\n_cell_angle_gamma   115.89405815\n_symmetry_Int_Tables_number   1\n_chemical_formula_structural   LiCuS\n_chemical_formula_sum   'Li4 Cu4 S4'\n_cell_volume   203.15419511\n_cell_formula_units_Z   4\nloop_\n _symmetry_equiv_pos_site_id\n _symmetry_equiv_pos_as_xyz\n  1  'x, y, z'\nloop_\n _atom_site_type_symbol\n _atom_site_label\n _atom_site_symmetry_multiplicity\n _atom_site_fract_x\n _atom_site_fract_y\n _atom_site_fract_z\n _atom_site_occupancy\n  Li  Li1  1  0.513090  0.027902  0.238297  1\n  Li  Li2  1  0.760577  0.526143  0.487225  1\n  Li  Li3  1  0.233044  0.465877  0.511977  1\n  Li  Li4  1  0.482132  0.965529  0.771301  1\n  Cu  Cu5  1  0.499482  0.503028  0.002637  1\n  Cu  Cu6  1  -0.001217  0.996932  0.997137  1\n  Cu  Cu7  1  0.004977  0.495780  0.002769  1\n  Cu  Cu8  1  0.996408  0.997915  0.494765  1\n  S  S9  1  0.851435  0.246569  0.853626  1\n  S  S10  1  0.395845  0.245733  0.399659  1\n  S  S11  1  0.145794  0.745982  0.151942  1\n  S  S12  1  0.596361  0.747033  0.602922  1\n", "task_id": "mp-774736", "nelements": 3, "e_above_hull": 0, "is_compatible": true, "coord": 6.7529318119766595, "potcar": null, "lengths_and_angles": [[8.573757081372127, 8.607962474773533, 6.9675060379312335], [90.0, 127.80044444168627, 90.0]], "dos": {"GGA": {"oid": "58b12e77dd16a66a44f627b8", "fs_id": "53fa35bbeb4c96585f7be3ef", "task_id": "mp-862106"}}}, {"energy": -16.32701926, "elasticity": {"elastic_tensor": [[51.0, 30.0, 31.0, 0.0, 3.0, 0.0], [30.0, 153.0, 32.0, 0.0, 16.0, 0.0], [31.0, 32.0, 54.0, 0.0, 16.0, 0.0], [0.0, 0.0, 0.0, 18.0, 0.0, 10.0], [3.0, 16.0, 16.0, 0.0, 20.0, 0.0], [0.0, 0.0, 0.0, 10.0, 0.0, 12.0]], "compliance_tensor": [[35.0, -3.6, -22.8, 0.0, 15.5, 0.0], [-3.6, 8.0, -1.3, 0.0, -4.7, 0.0], [-22.8, -1.3, 40.7, 0.0, -27.2, 0.0], [0.0, 0.0, 0.0, 114.0, 0.0, -99.5], [15.5, -4.7, -27.2, 0.0, 72.5, 0.0], [0.0, 0.0, 0.0, -99.5, 0.0, 173.3]], "G_Voigt_Reuss_Hill": 15.0, "G_Reuss": 10.0, "elastic_tensor_original": [[152.78077555006288, 45.28381246405499, 16.11400184526466, -1.9884477833333336, 1.123658783333333, 0.0], [48.345624052764805, 82.22304799530521, 19.45638095305719, 2.9228132233333337, 0.3072642083333332, 0.0], [14.945055233489349, 19.70240758998236, 45.65419616897168, -5.165000213333336, -0.9301947416666665, 0.0], [-2.1001099102067613, 2.459577852824586, -5.024071349423675, 8.302170940000002, -0.07212181666666663, 0.0], [0.0, 0.0, 0.0, 0.0, 4.078000166666665, 1.1592166033333338], [0.0, 0.0, 0.0, 0.0, 0.620346783333333, 25.054805183333343]], "K_Voigt_Reuss_Hill": 42.0, "K_Reuss": 35.0, "universal_anisotropy": 5.94, "K_VRH": 42.0, "elastic_tensor_orig_symmetrized": [[152.78077555006288, 46.8147182584099, 15.529528539377, -2.0442788467700472, 0.0, 0.0], [46.8147182584099, 82.22304799530521, 19.579394271519774, 2.6911955380789596, 0.0, 0.0], [15.529528539377, 19.579394271519774, 45.65419616897168, -5.0945357813785055, 0.0, 0.0], [-2.0442788467700472, 2.6911955380789596, -5.0945357813785055, 8.302170940000002, 0.0, 0.0], [0.0, 0.0, 0.0, 0.0, 4.078000166666665, 0.8897816933333336], [0.0, 0.0, 0.0, 0.0, 0.8897816933333336, 25.054805183333343]], "state": "successful", "G_VRH": 15.0, "homogeneous_poisson": 0.34, "K_Voigt": 49.0, "warnings": null, "poisson_ratio": 0.34, "G_Voigt": 21.0, "elastic_anisotropy": 5.94}, "unit_cell_formula": {"S": 2.0, "Cu": 1.0, "Li": 1.0}, "hubbards": {}, "energy_per_atom": -4.081754815, "band_gap": 0.0, "density": 3.145749314710245, "incar": null, "kpoints": null, "nsites": 4, "icsd_id": null, "conventional_lattice": [[0.0, 7.732152465325049, 0.0], [3.42110553, 0.0, 0.0], [0.0, -2.801074103616169, -5.372651456729328]], "volrat": 0.0895263743423342, "elements": ["Cu", "Li", "S"], "pretty_formula": "LiCuS2", "volume": 71.05994329648193, "is_hubbard": false, "formation_energy_per_atom": -0.8476285645312505, "cif": "# generated using pymatgen\ndata_LiCuS2\n_symmetry_space_group_name_H-M   'P 1'\n_cell_length_a   4.23037112\n_cell_length_b   3.42110553\n_cell_length_c   6.05899330\n_cell_angle_alpha   89.96326469\n_cell_angle_beta   64.99174111\n_cell_angle_gamma   66.04778909\n_symmetry_Int_Tables_number   1\n_chemical_formula_structural   LiCuS2\n_chemical_formula_sum   'Li1 Cu1 S2'\n_cell_volume   71.0599432965\n_cell_formula_units_Z   1\nloop_\n _symmetry_equiv_pos_site_id\n _symmetry_equiv_pos_as_xyz\n  1  'x, y, z'\nloop_\n _atom_site_type_symbol\n _atom_site_label\n _atom_site_symmetry_multiplicity\n _atom_site_fract_x\n _atom_site_fract_y\n _atom_site_fract_z\n _atom_site_occupancy\n  Li  Li1  1  0.999728  0.501935  0.000608  1\n  Cu  Cu2  1  0.999282  0.501161  0.500815  1\n  S  S3  1  0.746053  0.127994  0.766273  1\n  S  S4  1  0.252637  0.874530  0.235434  1\n", "task_id": "mp-753722", "nelements": 3, "e_above_hull": 0.07394470854166535, "is_compatible": true, "coord": 6.194575286236226, "potcar": null, "lengths_and_angles": [[7.732152465325049, 3.42110553, 6.058993300000001], [90.0, 117.53563817639949, 90.0]], "dos": {"GGA": {"oid": "56b4c2c89ce3864e7fb9f380", "fs_id": "549ee0bdfca0f046f2edd797", "task_id": "mp-899179"}}}, {"energy": -66.14411242, "elasticity": {"elastic_tensor": [[92.0, 27.0, 32.0, 0.0, -1.0, 0.0], [27.0, 107.0, 25.0, 0.0, -3.0, 0.0], [32.0, 25.0, 109.0, 0.0, 9.0, 0.0], [0.0, 0.0, 0.0, 34.0, 0.0, -11.0], [-1.0, -3.0, 9.0, 0.0, 31.0, 0.0], [0.0, 0.0, 0.0, -11.0, 0.0, 17.0]], "compliance_tensor": [[12.9, -2.5, -3.4, 0.0, 1.2, 0.0], [-2.5, 10.5, -1.8, 0.0, 1.5, 0.0], [-3.4, -1.8, 10.9, 0.0, -3.4, 0.0], [0.0, 0.0, 0.0, 37.6, 0.0, 25.6], [1.2, 1.5, -3.4, 0.0, 33.2, 0.0], [0.0, 0.0, 0.0, 25.6, 0.0, 77.3]], "G_Voigt_Reuss_Hill": 28.0, "G_Reuss": 25.0, "elastic_tensor_original": [[106.65624944497216, 24.81118421636383, 27.15165834257188, -2.9239188466666675, 0.004592260000000702, 0.02827809666666515], [25.17231107960023, 108.74323708574164, 32.226684373975466, 9.06198206666667, 0.008737930000001759, 0.022463730000000185], [27.73660686198647, 32.72556851905215, 91.52614258392317, -1.062367216666667, 0.022666540000000346, 0.04375569999999744], [-3.4691677357064927, 8.728831146024824, -1.116986051478461, 31.212674293333347, 0.0105269500000002, 0.01216013666666657], [0.0, 0.0, 0.0, 0.0, 16.655719150000003, -14.9342288], [0.0, 0.0, 0.0, 0.0, -7.759769170000002, 34.39026560666666]], "K_Voigt_Reuss_Hill": 53.0, "K_Reuss": 53.0, "universal_anisotropy": 1.38, "K_VRH": 53.0, "elastic_tensor_orig_symmetrized": [[106.65624944497219, 24.99174764798203, 27.44413260227917, -3.1965432911865794, 0.0, 0.0], [24.99174764798203, 108.74323708574163, 32.4761264465138, 8.895406606345746, 0.0, 0.0], [27.44413260227917, 32.4761264465138, 91.52614258392315, -1.0896766340725637, 0.0, 0.0], [-3.1965432911865794, 8.895406606345746, -1.0896766340725637, 31.212674293333343, 0.0, 0.0], [0.0, 0.0, 0.0, 0.0, 16.65571915, -11.346998984999999], [0.0, 0.0, 0.0, 0.0, -11.346998984999999, 34.39026560666667]], "state": "successful", "G_VRH": 28.0, "homogeneous_poisson": 0.28, "K_Voigt": 53.0, "warnings": null, "poisson_ratio": 0.28, "G_Voigt": 31.0, "elastic_anisotropy": 1.38}, "unit_cell_formula": {"S": 6.0, "Nb": 2.0, "Li": 4.0}, "hubbards": {}, "energy_per_atom": -5.5120093683333335, "band_gap": 0.0, "density": 3.3292012209188697, "incar": null, "kpoints": null, "nsites": 12, "icsd_id": null, "conventional_lattice": [[0.0, 6.130541927377929, 0.0], [10.80233396309181, 0.0, 0.0], [0.0, -2.0898389122211802, -6.115233136352173]], "volrat": 0.08984845042477704, "elements": ["Li", "Nb", "S"], "pretty_formula": "Li2NbS3", "volume": 202.48809275223252, "is_hubbard": false, "formation_energy_per_atom": -1.4575112620312503, "cif": "# generated using pymatgen\ndata_Li2NbS3\n_symmetry_space_group_name_H-M   'P 1'\n_cell_length_a   6.21035352\n_cell_length_b   6.21035352\n_cell_length_c   6.46246880\n_cell_angle_alpha   80.81559493\n_cell_angle_beta   99.18440507\n_cell_angle_gamma   59.15156540\n_symmetry_Int_Tables_number   1\n_chemical_formula_structural   Li2NbS3\n_chemical_formula_sum   'Li4 Nb2 S6'\n_cell_volume   202.488092752\n_cell_formula_units_Z   2\nloop_\n _symmetry_equiv_pos_site_id\n _symmetry_equiv_pos_as_xyz\n  1  'x, y, z'\nloop_\n _atom_site_type_symbol\n _atom_site_label\n _atom_site_symmetry_multiplicity\n _atom_site_fract_x\n _atom_site_fract_y\n _atom_site_fract_z\n _atom_site_occupancy\n  Li  Li1  1  0.837998  0.837998  0.500000  1\n  Li  Li2  1  0.162002  0.162002  0.500000  1\n  Li  Li3  1  0.500000  0.500000  0.500000  1\n  Li  Li4  1  0.000000  0.000000  0.000000  1\n  Nb  Nb5  1  0.322521  0.322521  0.000000  1\n  Nb  Nb6  1  0.677479  0.677479  0.000000  1\n  S  S7  1  0.265341  0.734659  0.769532  1\n  S  S8  1  0.421786  0.919226  0.245440  1\n  S  S9  1  0.080774  0.578214  0.245440  1\n  S  S10  1  0.578214  0.080774  0.754560  1\n  S  S11  1  0.919226  0.421786  0.754560  1\n  S  S12  1  0.734659  0.265341  0.230468  1\n", "task_id": "mp-754779", "nelements": 3, "e_above_hull": 0.08178490593749999, "is_compatible": true, "coord": 6.205793762298354, "potcar": null, "lengths_and_angles": [[6.130541927377929, 10.80233396309181, 6.4624688], [90.0, 108.8675105230059, 90.0]], "dos": {"GGA": {"oid": "58b13277dd16a66db8f62766", "fs_id": "54af54b867ce660241686a33", "task_id": "mp-900006"}}}, {"energy": -20.15802793, "elasticity": {"elastic_tensor": [[65.0, 27.0, 31.0, 0.0, 2.0, 0.0], [27.0, 121.0, 34.0, 0.0, 6.0, 0.0], [31.0, 34.0, 53.0, 0.0, 20.0, 0.0], [0.0, 0.0, 0.0, 13.0, 0.0, 7.0], [2.0, 6.0, 20.0, 0.0, 24.0, 0.0], [0.0, 0.0, 0.0, 7.0, 0.0, 12.0]], "compliance_tensor": [[23.8, -0.9, -18.3, 0.0, 13.4, 0.0], [-0.9, 10.4, -7.6, 0.0, 4.0, 0.0], [-18.3, -7.6, 48.4, 0.0, -36.9, 0.0], [0.0, 0.0, 0.0, 110.0, 0.0, -63.1], [13.4, 4.0, -36.9, 0.0, 70.3, 0.0], [0.0, 0.0, 0.0, -63.1, 0.0, 117.8]], "G_Voigt_Reuss_Hill": 15.0, "G_Reuss": 11.0, "elastic_tensor_original": [[120.95361057979079, 23.160699431465755, 35.5083656319184, -3.305795036666667, 0.05991389666666633, -0.2490617533333338], [26.413791944620375, 63.8293150902528, 20.59621331855013, -2.4308136966666676, 0.05874732333333341, -0.24029176000000008], [36.45257254447953, 20.891842905458702, 74.06380274653473, -20.609467283333338, 0.05864438333333323, -0.23640312666666669], [-3.4659245986491407, -2.1609252418705176, -19.517529737620276, 14.133973816666671, -0.0033048900000000204, 0.007394750000000149], [0.0, 0.0, 0.0, 0.0, 16.46329819666667, -6.0316555], [0.0, 0.0, 0.0, 0.0, -5.846797646666668, 8.908976999999998]], "K_Voigt_Reuss_Hill": 41.0, "K_Reuss": 35.0, "universal_anisotropy": 4.11, "K_VRH": 41.0, "elastic_tensor_orig_symmetrized": [[120.95361057979082, 24.787245688043065, 35.98046908819896, -3.385859817657903, 0.0, 0.0], [24.787245688043065, 63.8293150902528, 20.744028112004415, -2.2958694692685926, 0.0, 0.0], [35