[{"energy": -104.4465457, "elasticity": {"elastic_tensor": [[72.0, 20.0, 6.0, 0.0, 0.0, 0.0], [20.0, 76.0, -1.0, 0.0, 0.0, 0.0], [6.0, -1.0, 96.0, 0.0, 0.0, 0.0], [0.0, 0.0, 0.0, 20.0, 0.0, 0.0], [0.0, 0.0, 0.0, 0.0, 20.0, 0.0], [0.0, 0.0, 0.0, 0.0, 0.0, 35.0]], "compliance_tensor": [[15.1, -4.0, -0.9, 0.0, 0.0, 0.0], [-4.0, 14.3, 0.3, 0.0, 0.0, 0.0], [-0.9, 0.3, 10.5, 0.0, 0.0, 0.0], [0.0, 0.0, 0.0, 49.7, 0.0, 0.0], [0.0, 0.0, 0.0, 0.0, 48.9, 0.0], [0.0, 0.0, 0.0, 0.0, 0.0, 28.7]], "G_Voigt_Reuss_Hill": 28.0, "G_Reuss": 27.0, "elastic_tensor_original": [[95.76182872826362, 5.548486374864152, -0.4729839589152328, 0.0, 0.0, 0.0], [5.597427837593425, 71.9709786786451, 19.801631313148903, 0.0, 0.0, 0.0], [-0.6078412423930144, 20.270188058017215, 75.51956355858015, 0.0, 0.0, 0.0], [0.0, 0.0, 0.0, 34.894466073333334, 0.0, 0.0], [0.0, 0.0, 0.0, 0.0, 20.13588638666667, 0.0], [0.0, 0.0, 0.0, 0.0, 0.0, 20.451166200000003]], "K_Voigt_Reuss_Hill": 33.0, "K_Reuss": 33.0, "universal_anisotropy": 0.53, "K_VRH": 33.0, "elastic_tensor_orig_symmetrized": [[95.76182872826361, 5.572957106228789, -0.5404126006541237, 3.412452040964289e-16, 5.8637208516282535e-15, -2.8457907266624825e-15], [5.572957106228789, 71.9709786786451, 20.035909685583057, 4.406951433515255e-15, 3.412452040964288e-16, -4.406951433515255e-15], [-0.5404126006541237, 20.035909685583057, 75.51956355858015, 5.500185251689093e-15, 2.4328441530621107e-15, -1.226845633222737e-15], [3.412452040964289e-16, 4.406951433515255e-15, 5.500185251689093e-15, 34.89446607333333, -2.1366698092331784e-15, 1.2522727612830267e-15], [5.8637208516282535e-15, 3.412452040964288e-16, 2.4328441530621107e-15, -2.1366698092331784e-15, 20.13588638666667, 1.2522727612830267e-15], [-2.8457907266624825e-15, -4.406951433515255e-15, -1.226845633222737e-15, 1.2522727612830267e-15, 1.2522727612830267e-15, 20.451166200000003]], "state": "successful", "G_VRH": 28.0, "homogeneous_poisson": 0.16, "K_Voigt": 33.0, "warnings": null, "poisson_ratio": 0.16, "G_Voigt": 30.0, "elastic_anisotropy": 0.53}, "unit_cell_formula": {"Si": 8.0, "Li": 28.0}, "hubbards": {}, "energy_per_atom": -2.901292936111111, "band_gap": 0.056400000000000006, "density": 1.2970635839224876, "incar": null, "kpoints": null, "nsites": 36, "icsd_id": 24600, "conventional_lattice": [[4.46517553, 0.0, 2.734131460222793e-16], [-4.924908469011146e-16, 8.0429859, 4.924908469011146e-16], [0.0, 0.0, 14.937542]], "volrat": 0.15836582077143285, "elements": ["Li", "Si"], "pretty_formula": "Li7Si2", "volume": 536.4570818033652, "is_hubbard": false, "formation_energy_per_atom": -0.21099048722222236, "cif": "# generated using pymatgen\ndata_Li7Si2\n_symmetry_space_group_name_H-M   'P 1'\n_cell_length_a   4.46517553\n_cell_length_b   8.04298590\n_cell_length_c   14.93754200\n_cell_angle_alpha   90.00000000\n_cell_angle_beta   90.00000000\n_cell_angle_gamma   90.00000000\n_symmetry_Int_Tables_number   1\n_chemical_formula_structural   Li7Si2\n_chemical_formula_sum   'Li28 Si8'\n_cell_volume   536.457081803\n_cell_formula_units_Z   4\nloop_\n _symmetry_equiv_pos_site_id\n _symmetry_equiv_pos_as_xyz\n  1  'x, y, z'\nloop_\n _atom_site_type_symbol\n _atom_site_label\n _atom_site_symmetry_multiplicity\n _atom_site_fract_x\n _atom_site_fract_y\n _atom_site_fract_z\n _atom_site_occupancy\n  Li  Li1  1  0.000000  0.000000  0.000000  1\n  Li  Li2  1  0.000000  0.500000  0.500000  1\n  Li  Li3  1  0.500000  0.500000  0.000000  1\n  Li  Li4  1  0.500000  0.000000  0.500000  1\n  Li  Li5  1  0.500000  0.120467  0.356123  1\n  Li  Li6  1  0.500000  0.879533  0.643877  1\n  Li  Li7  1  0.500000  0.620467  0.143877  1\n  Li  Li8  1  0.500000  0.379533  0.856123  1\n  Li  Li9  1  0.500000  0.233698  0.102867  1\n  Li  Li10  1  0.500000  0.766302  0.897133  1\n  Li  Li11  1  0.500000  0.733698  0.397133  1\n  Li  Li12  1  0.500000  0.266302  0.602867  1\n  Li  Li13  1  0.500000  0.414282  0.258021  1\n  Li  Li14  1  0.500000  0.585718  0.741979  1\n  Li  Li15  1  0.500000  0.914282  0.241979  1\n  Li  Li16  1  0.500000  0.085718  0.758021  1\n  Li  Li17  1  0.000000  0.326497  0.987799  1\n  Li  Li18  1  0.000000  0.673503  0.012201  1\n  Li  Li19  1  0.000000  0.826497  0.512201  1\n  Li  Li20  1  0.000000  0.173503  0.487799  1\n  Li  Li21  1  0.000000  0.116312  0.189758  1\n  Li  Li22  1  0.000000  0.883688  0.810242  1\n  Li  Li23  1  0.000000  0.616312  0.310242  1\n  Li  Li24  1  0.000000  0.383688  0.689758  1\n  Li  Li25  1  0.000000  0.296135  0.333831  1\n  Li  Li26  1  0.000000  0.703865  0.666169  1\n  Li  Li27  1  0.000000  0.796135  0.166169  1\n  Li  Li28  1  0.000000  0.203865  0.833831  1\n  Si  Si29  1  0.500000  0.398127  0.436644  1\n  Si  Si30  1  0.500000  0.601873  0.563356  1\n  Si  Si31  1  0.500000  0.898127  0.063356  1\n  Si  Si32  1  0.500000  0.101873  0.936644  1\n  Si  Si33  1  0.000000  0.442658  0.153917  1\n  Si  Si34  1  0.000000  0.557342  0.846083  1\n  Si  Si35  1  0.000000  0.942658  0.346083  1\n  Si  Si36  1  0.000000  0.057342  0.653917  1\n", "task_id": "mp-27930", "nelements": 2, "e_above_hull": 0.02941246289473698, "is_compatible": true, "coord": 8.155881851827244, "potcar": null, "lengths_and_angles": [[4.46517553, 8.0429859, 14.937542], [90.0, 90.0, 90.0]], "dos": null}, {"energy": -22.20839491, "elasticity": {"elastic_tensor": [[162.0, 16.0, 6.0, 0.0, 0.0, 0.0], [16.0, 85.0, 14.0, 0.0, 0.0, 0.0], [6.0, 14.0, 77.0, 0.0, 0.0, 0.0], [0.0, 0.0, 0.0, 27.0, 0.0, 0.0], [0.0, 0.0, 0.0, 0.0, 16.0, 0.0], [0.0, 0.0, 0.0, 0.0, 0.0, 20.0]], "compliance_tensor": [[6.3, -1.1, -0.3, 0.0, 0.0, 0.0], [-1.1, 12.2, -2.1, 0.0, 0.0, 0.0], [-0.3, -2.1, 13.4, 0.0, 0.0, 0.0], [0.0, 0.0, 0.0, 36.8, 0.0, 0.0], [0.0, 0.0, 0.0, 0.0, 62.0, 0.0], [0.0, 0.0, 0.0, 0.0, 0.0, 50.5]], "G_Voigt_Reuss_Hill": 29.0, "G_Reuss": 25.0, "elastic_tensor_original": [[77.04212209908842, 6.021755542925088, 13.355948904937442, 0.0, 0.0, 0.0], [6.266531907083069, 161.9557154180261, 17.115114890278786, 0.0, 0.0, 0.0], [14.40881729850274, 13.949027423795773, 85.49426753019536, 0.0, 0.0, 0.0], [0.0, 0.0, 0.0, 19.786893133333347, 0.0, 0.0], [0.0, 0.0, 0.0, 0.0, 27.19068024333334, 0.0], [0.0, 0.0, 0.0, 0.0, 0.0, 16.11935477]], "K_Voigt_Reuss_Hill": 42.0, "K_Reuss": 40.0, "universal_anisotropy": 1.36, "K_VRH": 42.0, "elastic_tensor_orig_symmetrized": [[77.0421220990884, 6.144143725004078, 13.882383101720091, 3.7622029731637687e-16, 4.71746941140841e-15, -2.3502719196564896e-15], [6.144143725004078, 161.9557154180261, 15.53207115703728, 9.916927424515264e-15, 3.7622029731637643e-16, -9.916927424515264e-15], [13.882383101720091, 15.53207115703728, 85.49426753019536, 3.3742605954104747e-15, 4.1799487541666756e-15, -9.510650613297315e-16], [3.7622029731637687e-16, 9.916927424515264e-15, 3.3742605954104747e-15, 19.786893133333347, -1.2115977670403718e-15, 9.87025811170055e-16], [4.71746941140841e-15, 3.7622029731637643e-16, 4.1799487541666756e-15, -1.2115977670403718e-15, 27.190680243333347, 9.870258111700558e-16], [-2.3502719196564896e-15, -9.916927424515264e-15, -9.510650613297315e-16, 9.87025811170055e-16, 9.870258111700558e-16, 16.11935477]], "state": "successful", "G_VRH": 29.0, "homogeneous_poisson": 0.22, "K_Voigt": 44.0, "warnings": null, "poisson_ratio": 0.22, "G_Voigt": 32.0, "elastic_anisotropy": 1.36}, "unit_cell_formula": {"C": 2.0, "Li": 2.0}, "hubbards": {}, "energy_per_atom": -5.5520987275, "band_gap": 3.2727, "density": 1.3269246611821026, "incar": null, "kpoints": null, "nsites": 4, "icsd_id": 89535, "conventional_lattice": [[3.62839274, 0.0, 2.221749777545247e-16], [-2.969718658419057e-16, 4.849918622229186, 2.969718658419057e-16], [0.0, 0.0, 5.3909116893588465]], "volrat": 0.09085282867629167, "elements": ["C", "Li"], "pretty_formula": "LiC", "volume": 47.43304030702141, "is_hubbard": false, "formation_energy_per_atom": 0.01506585312500075, "cif": "# generated using pymatgen\ndata_LiC\n_symmetry_space_group_name_H-M   'P 1'\n_cell_length_a   3.62839274\n_cell_length_b   4.05428395\n_cell_length_c   4.05428395\n_cell_angle_alpha   73.47112955\n_cell_angle_beta   63.41811295\n_cell_angle_gamma   63.41811289\n_symmetry_Int_Tables_number   1\n_chemical_formula_structural   LiC\n_chemical_formula_sum   'Li2 C2'\n_cell_volume   47.433040307\n_cell_formula_units_Z   2\nloop_\n _symmetry_equiv_pos_site_id\n _symmetry_equiv_pos_as_xyz\n  1  'x, y, z'\nloop_\n _atom_site_type_symbol\n _atom_site_label\n _atom_site_symmetry_multiplicity\n _atom_site_fract_x\n _atom_site_fract_y\n _atom_site_fract_z\n _atom_site_occupancy\n  Li  Li1  1  0.761713  0.738287  0.738287  1\n  Li  Li2  1  0.238287  0.261713  0.261713  1\n  C  C3  1  0.000000  0.870119  0.129881  1\n  C  C4  1  0.000000  0.129881  0.870119  1\n", "task_id": "mp-1378", "nelements": 2, "e_above_hull": 0.01996147333333287, "is_compatible": true, "coord": 6.240606786981728, "potcar": null, "lengths_and_angles": [[3.62839274, 4.849918622229186, 5.3909116893588465], [90.0, 90.0, 90.0]], "dos": {"GGA": {"oid": "5456fef48250f42f9f25cc5d", "fs_id": "52478286ee60e670c6c22781", "task_id": "mp-662337"}}}, {"energy": -10.43793007, "elasticity": {"elastic_tensor": [[71.0, 8.0, 10.0, 0.0, 0.0, 0.0], [8.0, 41.0, 30.0, 0.0, 0.0, 0.0], [10.0, 30.0, 49.0, 0.0, 0.0, 0.0], [0.0, 0.0, 0.0, 7.0, 0.0, 0.0], [0.0, 0.0, 0.0, 0.0, 16.0, 0.0], [0.0, 0.0, 0.0, 0.0, 0.0, 13.0]], "compliance_tensor": [[14.6, -1.0, -2.3, 0.0, 0.0, 0.0], [-1.0, 43.8, -26.7, 0.0, 0.0, 0.0], [-2.3, -26.7, 37.2, 0.0, 0.0, 0.0], [0.0, 0.0, 0.0, 151.4, 0.0, 0.0], [0.0, 0.0, 0.0, 0.0, 64.0, 0.0], [0.0, 0.0, 0.0, 0.0, 0.0, 76.8]], "G_Voigt_Reuss_Hill": 13.0, "G_Reuss": 11.0, "elastic_tensor_original": [[49.010145620055994, 30.41178344031823, 9.745523808303602, 0.0875463600000003, 0.0, 0.0], [29.719444302750873, 41.325170174717854, 8.038325680768063, -0.11275280333333382, 0.0, 0.0], [9.906383890940637, 7.011873153338526, 70.57563386568471, -0.0046699133333328695, 0.0, 0.0], [0.0, 0.0, 0.0, 13.015875473333336, 0.0, 0.0], [0.0, 0.0, 0.0, 0.0, 15.61354078666667, 0.0], [0.0, 0.0, 0.0, 0.0, 0.0, 6.604945983333334]], "K_Voigt_Reuss_Hill": 28.0, "K_Reuss": 28.0, "universal_anisotropy": 1.73, "K_VRH": 28.0, "elastic_tensor_orig_symmetrized": [[49.01014562005598, 30.065613871534545, 9.82595384962212, 1.8397073415686157e-15, 3.0010058979673624e-15, -2.6498604853117854e-15], [30.065613871534545, 41.32517017471786, 7.525099417053296, 2.5315665719302666e-15, 1.8409878896087526e-15, -2.5304368689343948e-15], [9.82595384962212, 7.525099417053296, 70.57563386568471, 2.0548727245757976e-15, 2.5137734213002652e-15, -4.607794457179966e-16], [1.8397073415686157e-15, 2.5315665719302666e-15, 2.0548727245757976e-15, 13.015875473333331, -7.969925118259106e-16, 4.044362978515165e-16], [3.0010058979673624e-15, 1.8409878896087526e-15, 2.5137734213002652e-15, -7.969925118259106e-16, 15.613540786666674, 4.0443629785151647e-16], [-2.6498604853117854e-15, -2.5304368689343948e-15, -4.607794457179966e-16, 4.044362978515165e-16, 4.0443629785151647e-16, 6.604945983333336]], "state": "successful", "G_VRH": 13.0, "homogeneous_poisson": 0.3, "K_Voigt": 28.0, "warnings": null, "poisson_ratio": 0.3, "G_Voigt": 15.0, "elastic_anisotropy": 1.73}, "unit_cell_formula": {"Mg": 4.0, "Li": 2.0}, "hubbards": {}, "energy_per_atom": -1.7396550116666667, "band_gap": 0.0, "density": 1.4250833146210833, "incar": null, "kpoints": null, "nsites": 6, "icsd_id": null, "conventional_lattice": [[3.1376618, 0.0, 1.9212637400884613e-16], [-9.973794331665908e-16, 16.288442248997917, 9.973794331665908e-16], [0.0, 0.0, 5.06611442]], "volrat": 0.3693363553527547, "elements": ["Li", "Mg"], "pretty_formula": "LiMg2", "volume": 129.45853292093028, "is_hubbard": false, "formation_energy_per_atom": -0.04097312833333314, "cif": "# generated using pymatgen\ndata_LiMg2\n_symmetry_space_group_name_H-M   'P 1'\n_cell_length_a   3.13766180\n_cell_length_b   8.29394768\n_cell_length_c   5.06611442\n_cell_angle_alpha   90.00000000\n_cell_angle_beta   90.00000000\n_cell_angle_gamma   79.09660071\n_symmetry_Int_Tables_number   1\n_chemical_formula_structural   LiMg2\n_chemical_formula_sum   'Li2 Mg4'\n_cell_volume   129.458532921\n_cell_formula_units_Z   2\nloop_\n _symmetry_equiv_pos_site_id\n _symmetry_equiv_pos_as_xyz\n  1  'x, y, z'\nloop_\n _atom_site_type_symbol\n _atom_site_label\n _atom_site_symmetry_multiplicity\n _atom_site_fract_x\n _atom_site_fract_y\n _atom_site_fract_z\n _atom_site_occupancy\n  Li  Li1  1  0.333145  0.333708  0.000000  1\n  Li  Li2  1  0.111297  0.777404  0.499999  1\n  Mg  Mg3  1  0.999889  0.000223  0.000000  1\n  Mg  Mg4  1  0.666981  0.666040  0.000000  1\n  Mg  Mg5  1  0.444556  0.110888  0.499999  1\n  Mg  Mg6  1  0.777465  0.445072  0.499999  1\n", "task_id": "mp-973374", "nelements": 2, "e_above_hull": 0.01914756833333331, "is_compatible": true, "coord": 11.850178281607864, "potcar": null, "lengths_and_angles": [[3.1376618, 16.288442248997917, 5.06611442], [90.0, 90.0, 90.0]], "dos": {"GGA": {"oid": "59110b1a0750790d27ebff01", "fs_id": "55f9838e1d67f82e89b4a3d1", "task_id": "mp-973454"}}}, {"energy": -10.85065771, "elasticity": {"elastic_tensor": [[57.0, -1.0, 19.0, 0.0, 0.0, 0.0], [-1.0, 59.0, 21.0, 0.0, 0.0, 0.0], [19.0, 21.0, 38.0, 0.0, 0.0, 0.0], [0.0, 0.0, 0.0, 27.0, 0.0, 0.0], [0.0, 0.0, 0.0, 0.0, 27.0, 0.0], [0.0, 0.0, 0.0, 0.0, 0.0, 6.0]], "compliance_tensor": [[22.3, 5.3, -14.1, 0.0, 0.0, 0.0], [5.3, 22.4, -15.0, 0.0, 0.0, 0.0], [-14.1, -15.0, 41.9, 0.0, 0.0, 0.0], [0.0, 0.0, 0.0, 37.2, 0.0, 0.0], [0.0, 0.0, 0.0, 0.0, 37.6, 0.0], [0.0, 0.0, 0.0, 0.0, 0.0, 170.2]], "G_Voigt_Reuss_Hill": 16.0, "G_Reuss": 13.0, "elastic_tensor_original": [[37.587428571264375, 18.60352339270596, 20.89471823558498, 0.0, 0.0, 0.0], [19.11684355623004, 56.8443441650142, -1.0647562309462129, 0.0, 0.0, 0.0], [20.52821557443744, -0.4890975661511995, 58.72302072968354, 0.0, 0.0, 0.0], [0.0, 0.0, 0.0, 5.876548973333335, 0.0, 0.0], [0.0, 0.0, 0.0, 0.0, 26.912846276666667, 0.0], [0.0, 0.0, 0.0, 0.0, 0.0, 26.59204521666667]], "K_Voigt_Reuss_Hill": 26.0, "K_Reuss": 26.0, "universal_anisotropy": 2.65, "K_VRH": 26.0, "elastic_tensor_orig_symmetrized": [[37.587428571264375, 18.860183474468002, 20.711466905011207, 1.154853166166952e-15, 2.3015662043989345e-15, -4.411439471904204e-15], [18.860183474468002, 56.8443441650142, -0.776926898548706, 3.480712206565758e-15, 1.154853166166952e-15, -3.480712206565758e-15], [20.711466905011207, -0.776926898548706, 58.72302072968353, 6.720966370485758e-16, 4.564084687409875e-15, 4.757305197395787e-17], [1.154853166166952e-15, 3.480712206565758e-15, 6.720966370485758e-16, 5.876548973333335, -3.5983484451126654e-16, 1.628293152868626e-15], [2.3015662043989345e-15, 1.154853166166952e-15, 4.564084687409875e-15, -3.5983484451126654e-16, 26.912846276666667, 1.6282931528686261e-15], [-4.411439471904204e-15, -3.480712206565758e-15, 4.757305197395787e-17, 1.628293152868626e-15, 1.6282931528686261e-15, 26.592045216666666]], "state": "successful", "G_VRH": 16.0, "homogeneous_poisson": 0.24, "K_Voigt": 26.0, "warnings": null, "poisson_ratio": 0.24, "G_Voigt": 20.0, "elastic_anisotropy": 2.65}, "unit_cell_formula": {"Mg": 3.0, "Li": 3.0}, "hubbards": {}, "energy_per_atom": -1.8084429516666667, "band_gap": 0, "density": 1.2755556378037554, "incar": null, "kpoints": null, "nsites": 6, "icsd_id": null, "conventional_lattice": [[3.3107805, 0.0, 2.0272683710022368e-16], [-3.035516100638155e-16, 4.957374, 3.035516100638155e-16], [0.0, 0.0, 14.870078402144314]], "volrat": 0.22334884074760356, "elements": ["Li", "Mg"], "pretty_formula": "LiMg", "volume": 122.02964164284113, "is_hubbard": false, "formation_energy_per_atom": -0.0572176441666666, "cif": "# generated using pymatgen\ndata_LiMg\n_symmetry_space_group_name_H-M   'P 1'\n_cell_length_a   3.31078050\n_cell_length_b   7.61709436\n_cell_length_c   4.95737400\n_cell_angle_alpha   90.00000000\n_cell_angle_beta   90.00000000\n_cell_angle_gamma   77.44799007\n_symmetry_Int_Tables_number   1\n_chemical_formula_structural   LiMg\n_chemical_formula_sum   'Li3 Mg3'\n_cell_volume   122.029641643\n_cell_formula_units_Z   3\nloop_\n _symmetry_equiv_pos_site_id\n _symmetry_equiv_pos_as_xyz\n  1  'x, y, z'\nloop_\n _atom_site_type_symbol\n _atom_site_label\n _atom_site_symmetry_multiplicity\n _atom_site_fract_x\n _atom_site_fract_y\n _atom_site_fract_z\n _atom_site_occupancy\n  Li  Li1  1  0.308777  0.382444  0.000000  1\n  Li  Li2  1  0.472059  0.055882  0.500000  1\n  Li  Li3  1  0.132539  0.734920  0.500000  1\n  Mg  Mg4  1  0.970719  0.058565  0.000000  1\n  Mg  Mg5  1  0.646354  0.707294  0.000000  1\n  Mg  Mg6  1  0.802887  0.394229  0.500000  1\n", "task_id": "mp-976239", "nelements": 2, "e_above_hull": 0, "is_compatible": true, "coord": 9.531448135203325, "potcar": null, "lengths_and_angles": [[3.3107805, 4.957374, 14.870078402144314], [90.0, 90.0, 90.0]], "dos": {"GGA": {"oid": "59110d470750790d2bec00d2", "fs_id": "55fb43a968185b51f6658228", "task_id": "mp-976310"}}}, {"energy": -7.41980814, "elasticity": {"elastic_tensor": [[45.0, 3.0, 7.0, 0.0, 0.0, 0.0], [3.0, 36.0, 18.0, 0.0, 0.0, 0.0], [7.0, 18.0, 35.0, 0.0, 0.0, 0.0], [0.0, 0.0, 0.0, 10.0, 0.0, 0.0], [0.0, 0.0, 0.0, 0.0, 10.0, 0.0], [0.0, 0.0, 0.0, 0.0, 0.0, 2.0]], "compliance_tensor": [[23.2, 0.7, -4.9, 0.0, 0.0, 0.0], [0.7, 38.5, -20.6, 0.0, 0.0, 0.0], [-4.9, -20.6, 40.9, 0.0, 0.0, 0.0], [0.0, 0.0, 0.0, 96.3, 0.0, 0.0], [0.0, 0.0, 0.0, 0.0, 104.5, 0.0], [0.0, 0.0, 0.0, 0.0, 0.0, 445.9]], "G_Voigt_Reuss_Hill": 8.0, "G_Reuss": 6.0, "elastic_tensor_original": [[34.55719900513067, 6.268018723294692, 17.447767038785447, 0.0, 0.0, 0.0], [7.427932557029388, 44.52984194828913, 0.9409603573479828, 0.0, 0.0, 0.0], [19.39964490857245, 4.862329661420681, 35.82299272714099, 0.0, 0.0, 0.0], [0.0, 0.0, 0.0, 2.242674716666668, 0.0, 0.0], [0.0, 0.0, 0.0, 0.0, 10.389516293333335, 0.0], [0.0, 0.0, 0.0, 0.0, 0.0, 9.572635463333336]], "K_Voigt_Reuss_Hill": 19.0, "K_Reuss": 19.0, "universal_anisotropy": 3.35, "K_VRH": 19.0, "elastic_tensor_orig_symmetrized": [[34.55719900513067, 6.847975640162041, 18.42370597367895, 4.1931757241817454e-16, 2.116018157456569e-15, -1.5916273103757357e-15], [6.847975640162041, 44.52984194828913, 2.901645009384332, 2.726666420425492e-15, 4.1931757241817434e-16, -2.7266664204254915e-15], [18.42370597367895, 2.901645009384332, 35.82299272714099, 4.523229549796739e-16, 2.400475414786889e-15, -1.776745136502206e-16], [4.1931757241817454e-16, 2.726666420425492e-15, 4.523229549796739e-16, 2.242674716666668, -1.3732422066472655e-16, 5.861548689787803e-16], [2.116018157456569e-15, 4.1931757241817434e-16, 2.400475414786889e-15, -1.3732422066472655e-16, 10.389516293333335, 5.861548689787807e-16], [-1.5916273103757357e-15, -2.7266664204254915e-15, -1.776745136502206e-16, 5.861548689787803e-16, 5.861548689787807e-16, 9.572635463333336]], "state": "successful", "G_VRH": 8.0, "homogeneous_poisson": 0.31, "K_Voigt": 19.0, "warnings": null, "poisson_ratio": 0.31, "G_Voigt": 10.0, "elastic_anisotropy": 3.35}, "unit_cell_formula": {"Mg": 1.0, "Li": 3.0}, "hubbards": {}, "energy_per_atom": -1.854952035, "band_gap": 0.0, "density": 0.9289671546758819, "incar": null, "kpoints": null, "nsites": 4, "icsd_id": null, "conventional_lattice": [[3.08496454, 0.0, 1.8889959746970436e-16], [-3.049542574382488e-16, 4.98028097, 3.049542574382488e-16], [0.0, 0.0, 5.25038035]], "volrat": 0.36029849058978797, "elements": ["Li", "Mg"], "pretty_formula": "Li3Mg", "volume": 80.66679220002514, "is_hubbard": false, "formation_energy_per_atom": -0.024911591249999976, "cif": "# generated using pymatgen\ndata_Li3Mg\n_symmetry_space_group_name_H-M   'P 1'\n_cell_length_a   3.08496454\n_cell_length_b   5.25038035\n_cell_length_c   4.98028097\n_cell_angle_alpha   90.00000000\n_cell_angle_beta   90.00000000\n_cell_angle_gamma   90.00000000\n_symmetry_Int_Tables_number   1\n_chemical_formula_structural   Li3Mg\n_chemical_formula_sum   'Li3 Mg1'\n_cell_volume   80.6667922\n_cell_formula_units_Z   1\nloop_\n _symmetry_equiv_pos_site_id\n _symmetry_equiv_pos_as_xyz\n  1  'x, y, z'\nloop_\n _atom_site_type_symbol\n _atom_site_label\n _atom_site_symmetry_multiplicity\n _atom_site_fract_x\n _atom_site_fract_y\n _atom_site_fract_z\n _atom_site_occupancy\n  Li  Li1  1  0.000000  0.001344  0.000000  1\n  Li  Li2  1  0.500001  0.500415  0.000000  1\n  Li  Li3  1  0.500001  0.167098  0.500000  1\n  Mg  Mg4  1  0.000000  0.664476  0.500000  1\n", "task_id": "mp-976139", "nelements": 2, "e_above_hull": 0.006410127916665953, "is_compatible": true, "coord": 11.726633636638075, "potcar": null, "lengths_and_angles": [[3.08496454, 4.98028097, 5.25038035], [90.0, 90.0, 90.0]], "dos": {"GGA": {"oid": "59110e2e0750790d62ec01e9", "fs_id": "55fb34296351480d73b0ce3f", "task_id": "mp-976206"}}}, {"energy": -10.94895584, "elasticity": {"elastic_tensor": [[61.0, 2.0, 5.0, 0.0, 0.0, 0.0], [2.0, 36.0, 19.0, 0.0, 0.0, 0.0], [5.0, 19.0, 37.0, 0.0, 0.0, 0.0], [0.0, 0.0, 0.0, 7.0, 0.0, 0.0], [0.0, 0.0, 0.0, 0.0, 11.0, 0.0], [0.0, 0.0, 0.0, 0.0, 0.0, 4.0]], "compliance_tensor": [[16.6, 0.4, -2.5, 0.0, 0.0, 0.0], [0.4, 37.7, -19.1, 0.0, 0.0, 0.0], [-2.5, -19.1, 37.0, 0.0, 0.0, 0.0], [0.0, 0.0, 0.0, 135.1, 0.0, 0.0], [0.0, 0.0, 0.0, 0.0, 88.0, 0.0], [0.0, 0.0, 0.0, 0.0, 0.0, 255.5]], "G_Voigt_Reuss_Hill": 10.0, "G_Reuss": 8.0, "elastic_tensor_original": [[37.05214760366981, 18.533052913352417, 4.5471246774487, 0.0, 0.0, 0.0], [18.89760049454726, 35.96391184122097, 2.2170419706389164, 0.0, 0.0, 0.0], [5.641318369234192, 1.7997418491271007, 60.852093281575435, 0.0, 0.0, 0.0], [0.0, 0.0, 0.0, 3.9141774100000006, 0.0, 0.0], [0.0, 0.0, 0.0, 0.0, 11.359945553333334, 0.0], [0.0, 0.0, 0.0, 0.0, 0.0, 7.403101376666668]], "K_Voigt_Reuss_Hill": 21.0, "K_Reuss": 20.0, "universal_anisotropy": 2.39, "K_VRH": 21.0, "elastic_tensor_orig_symmetrized": [[37.052147603669816, 18.715326703949835, 5.094221523341447, 1.1459832471494574e-15, 2.268789698218475e-15, -2.052601687619277e-15], [18.715326703949835, 35.96391184122097, 2.0083919098830085, 2.2021544760584424e-15, 1.1459832471494578e-15, -2.2021544760584424e-15], [5.094221523341447, 2.0083919098830085, 60.852093281575435, 6.0232701983872095e-16, 1.7031232001731701e-15, -1.2297853619358323e-16], [1.1459832471494574e-15, 2.2021544760584424e-15, 6.0232701983872095e-16, 3.9141774100000006, -2.396742418225688e-16, 4.533092202349098e-16], [2.268789698218475e-15, 1.1459832471494578e-15, 1.7031232001731701e-15, -2.396742418225688e-16, 11.359945553333338, 4.533092202349098e-16], [-2.052601687619277e-15, -2.2021544760584424e-15, -1.2297853619358323e-16, 4.533092202349098e-16, 4.533092202349098e-16, 7.403101376666668]], "state": "successful", "G_VRH": 10.0, "homogeneous_poisson": 0.29, "K_Voigt": 21.0, "warnings": null, "poisson_ratio": 0.29, "G_Voigt": 12.0, "elastic_anisotropy": 2.39}, "unit_cell_formula": {"Mg": 2.0, "Li": 4.0}, "hubbards": {}, "energy_per_atom": -1.8248259733333334, "band_gap": 0.0, "density": 1.0233637003916862, "incar": null, "kpoints": null, "nsites": 6, "icsd_id": null, "conventional_lattice": [[3.11179947, 0.0, 1.9054276302619648e-16], [-9.683119046912854e-16, 15.813733484061885, 9.683119046912854e-16], [0.0, 0.0, 5.03672879]], "volrat": 0.32871201316405024, "elements": ["Li", "Mg"], "pretty_formula": "Li2Mg", "volume": 123.92661524335249, "is_hubbard": false, "formation_energy_per_atom": -0.02105724166666671, "cif": "# generated using pymatgen\ndata_Li2Mg\n_symmetry_space_group_name_H-M   'P 1'\n_cell_length_a   3.11179947\n_cell_length_b   8.05849649\n_cell_length_c   5.03672879\n_cell_angle_alpha   90.00000000\n_cell_angle_beta   90.00000000\n_cell_angle_gamma   78.86766758\n_symmetry_Int_Tables_number   1\n_chemical_formula_structural   Li2Mg\n_chemical_formula_sum   'Li4 Mg2'\n_cell_volume   123.926615243\n_cell_formula_units_Z   2\nloop_\n _symmetry_equiv_pos_site_id\n _symmetry_equiv_pos_as_xyz\n  1  'x, y, z'\nloop_\n _atom_site_type_symbol\n _atom_site_label\n _atom_site_symmetry_multiplicity\n _atom_site_fract_x\n _atom_site_fract_y\n _atom_site_fract_z\n _atom_site_occupancy\n  Li  Li1  1  0.000619  0.998763  0.000000  1\n  Li  Li2  1  0.664236  0.671527  0.000000  1\n  Li  Li3  1  0.446875  0.106250  0.500001  1\n  Li  Li4  1  0.110492  0.779014  0.500001  1\n  Mg  Mg5  1  0.335318  0.329365  0.000000  1\n  Mg  Mg6  1  0.775794  0.448413  0.500001  1\n", "task_id": "mp-977218", "nelements": 2, "e_above_hull": 0.01889645250000105, "is_compatible": true, "coord": 11.27788557370131, "potcar": null, "lengths_and_angles": [[3.11179947, 15.813733484061885, 5.03672879], [90.0, 90.0, 90.0]], "dos": {"GGA": {"oid": "59110d570750790d21ec00ca", "fs_id": "55fcc3ad3d4fbd33baf4d3e2", "task_id": "mp-977317"}}}, {"energy": -523.92277867, "elasticity": {"elastic_tensor": [[90.0, 8.0, 11.0, 0.0, 0.0, 0.0], [8.0, 96.0, 5.0, 0.0, 0.0, 0.0], [11.0, 5.0, 91.0, 0.0, 0.0, 0.0], [0.0, 0.0, 0.0, 24.0, 0.0, 0.0], [0.0, 0.0, 0.0, 0.0, 27.0, 0.0], [0.0, 0.0, 0.0, 0.0, 0.0, 28.0]], "compliance_tensor": [[11.4, -0.9, -1.3, 0.0, 0.0, 0.0], [-0.9, 10.6, -0.5, 0.0, 0.0, 0.0], [-1.3, -0.5, 11.2, 0.0, 0.0, 0.0], [0.0, 0.0, 0.0, 41.8, 0.0, 0.0], [0.0, 0.0, 0.0, 0.0, 36.7, 0.0], [0.0, 0.0, 0.0, 0.0, 0.0, 36.1]], "G_Voigt_Reuss_Hill": 32.0, "G_Reuss": 31.0, "elastic_tensor_original": [[90.92890964443346, 10.615377251127986, 5.102903218594406, 0.0, 0.0, 0.0], [10.811865419182043, 89.69875779401261, 8.070081875364469, 0.0, 0.0, 0.0], [5.434219690089254, 8.508254789091827, 95.64558936566004, 0.0, 0.0, 0.0], [0.0, 0.0, 0.0, 27.71150969333333, 0.0, 0.0], [0.0, 0.0, 0.0, 0.0, 23.949970566666664, 0.0], [0.0, 0.0, 0.0, 0.0, 0.0, 27.270325916666675]], "K_Voigt_Reuss_Hill": 36.0, "K_Reuss": 36.0, "universal_anisotropy": 0.29, "K_VRH": 36.0, "elastic_tensor_orig_symmetrized": [[90.92890964443346, 10.713621335155015, 5.26856145434183, 6.560201037687187e-16, 5.5677899073007165e-15, -3.995671838323814e-15], [10.713621335155015, 89.69875779401262, 8.289168332228147, 5.492464830996561e-15, 6.560201037687187e-16, -5.492464830996562e-15], [5.26856145434183, 8.289168332228147, 95.64558936566004, 3.901246337830991e-15, 3.255631825472707e-15, -5.0756517328284e-16], [6.560201037687187e-16, 5.492464830996561e-15, 3.901246337830991e-15, 27.711509693333333, -1.6968405822740754e-15, 1.6698258672775473e-15], [5.5677899073007165e-15, 6.560201037687187e-16, 3.255631825472707e-15, -1.6968405822740754e-15, 23.949970566666664, 1.6698258672775473e-15], [-3.995671838323814e-15, -5.492464830996562e-15, -5.0756517328284e-16, 1.6698258672775473e-15, 1.6698258672775473e-15, 27.270325916666675]], "state": "successful", "G_VRH": 32.0, "homogeneous_poisson": 0.16, "K_Voigt": 36.0, "warnings": null, "poisson_ratio": 0.16, "G_Voigt": 33.0, "elastic_anisotropy": 0.29}, "unit_cell_formula": {"Si": 56.0, "Li": 96.0}, "hubbards": {}, "energy_per_atom": -3.4468603859868416, "band_gap": 0.0, "density": 1.5518017031990934, "incar": null, "kpoints": null, "nsites": 152, "icsd_id": 41693, "conventional_lattice": [[8.53123776, 0.0, 5.223876507774517e-16], [-8.763990062517564e-16, 14.31268194, 8.763990062517564e-16], [0.0, 0.0, 19.62266159]], "volrat": 0.19676619277788396, "elements": ["Li", "Si"], "pretty_formula": "Li12Si7", "volume": 2396.0229862360006, "is_hubbard": false, "formation_energy_per_atom": -0.2424481549342105, "cif": "# generated using pymatgen\ndata_Li12Si7\n_symmetry_space_group_name_H-M   'P 1'\n_cell_length_a   8.53123776\n_cell_length_b   14.31268194\n_cell_length_c   19.62266159\n_cell_angle_alpha   90.00000000\n_cell_angle_beta   90.00000000\n_cell_angle_gamma   90.00000000\n_symmetry_Int_Tables_number   1\n_chemical_formula_structural   Li12Si7\n_chemical_formula_sum   'Li96 Si56'\n_cell_volume   2396.02298624\n_cell_formula_units_Z   8\nloop_\n _symmetry_equiv_pos_site_id\n _symmetry_equiv_pos_as_xyz\n  1  'x, y, z'\nloop_\n _atom_site_type_symbol\n _atom_site_label\n _atom_site_symmetry_multiplicity\n _atom_site_fract_x\n _atom_site_fract_y\n _atom_site_fract_z\n _atom_site_occupancy\n  Li  Li1  1  0.661751  0.834148  0.750000  1\n  Li  Li2  1  0.161751  0.665852  0.750000  1\n  Li  Li3  1  0.838249  0.334148  0.250000  1\n  Li  Li4  1  0.338249  0.165852  0.250000  1\n  Li  Li5  1  0.613080  0.631190  0.750000  1\n  Li  Li6  1  0.113080  0.868810  0.750000  1\n  Li  Li7  1  0.886920  0.131190  0.250000  1\n  Li  Li8  1  0.386920  0.368810  0.250000  1\n  Li  Li9  1  0.496279  0.472434  0.625000  1\n  Li  Li10  1  0.996279  0.027566  0.875000  1\n  Li  Li11  1  0.003721  0.972434  0.375000  1\n  Li  Li12  1  0.503721  0.527566  0.125000  1\n  Li  Li13  1  0.503721  0.527566  0.375000  1\n  Li  Li14  1  0.003721  0.972434  0.125000  1\n  Li  Li15  1  0.996279  0.027566  0.625000  1\n  Li  Li16  1  0.496279  0.472434  0.875000  1\n  Li  Li17  1  0.842441  0.494911  0.611655  1\n  Li  Li18  1  0.342441  0.005089  0.888345  1\n  Li  Li19  1  0.657559  0.994911  0.388345  1\n  Li  Li20  1  0.157559  0.505089  0.111655  1\n  Li  Li21  1  0.157559  0.505089  0.388345  1\n  Li  Li22  1  0.657559  0.994911  0.111655  1\n  Li  Li23  1  0.342441  0.005089  0.611655  1\n  Li  Li24  1  0.842441  0.494911  0.888345  1\n  Li  Li25  1  0.877105  0.659589  0.834353  1\n  Li  Li26  1  0.377105  0.840411  0.665647  1\n  Li  Li27  1  0.622895  0.159589  0.165647  1\n  Li  Li28  1  0.122895  0.340411  0.334353  1\n  Li  Li29  1  0.122895  0.340411  0.165647  1\n  Li  Li30  1  0.622895  0.159589  0.334353  1\n  Li  Li31  1  0.377105  0.840411  0.834353  1\n  Li  Li32  1  0.877105  0.659589  0.665647  1\n  Li  Li33  1  0.370439  0.934319  0.027803  1\n  Li  Li34  1  0.870439  0.565681  0.472197  1\n  Li  Li35  1  0.129561  0.434319  0.972197  1\n  Li  Li36  1  0.629561  0.065681  0.527803  1\n  Li  Li37  1  0.629561  0.065681  0.972197  1\n  Li  Li38  1  0.129561  0.434319  0.527803  1\n  Li  Li39  1  0.870439  0.565681  0.027803  1\n  Li  Li40  1  0.370439  0.934319  0.472197  1\n  Li  Li41  1  0.630432  0.263484  0.887301  1\n  Li  Li42  1  0.130432  0.236516  0.612699  1\n  Li  Li43  1  0.869568  0.763484  0.112699  1\n  Li  Li44  1  0.369568  0.736516  0.387301  1\n  Li  Li45  1  0.369568  0.736516  0.112699  1\n  Li  Li46  1  0.869568  0.763484  0.387301  1\n  Li  Li47  1  0.130432  0.236516  0.887301  1\n  Li  Li48  1  0.630432  0.263484  0.612699  1\n  Li  Li49  1  0.366860  0.567358  0.004854  1\n  Li  Li50  1  0.866860  0.932642  0.495146  1\n  Li  Li51  1  0.133140  0.067358  0.995146  1\n  Li  Li52  1  0.633140  0.432642  0.504854  1\n  Li  Li53  1  0.633140  0.432642  0.995146  1\n  Li  Li54  1  0.133140  0.067358  0.504854  1\n  Li  Li55  1  0.866860  0.932642  0.004854  1\n  Li  Li56  1  0.366860  0.567358  0.495146  1\n  Li  Li57  1  0.371822  0.638839  0.854937  1\n  Li  Li58  1  0.871822  0.861161  0.645063  1\n  Li  Li59  1  0.128178  0.138839  0.145063  1\n  Li  Li60  1  0.628178  0.361161  0.354937  1\n  Li  Li61  1  0.628178  0.361161  0.145063  1\n  Li  Li62  1  0.128178  0.138839  0.354937  1\n  Li  Li63  1  0.871822  0.861161  0.854937  1\n  Li  Li64  1  0.371822  0.638839  0.645063  1\n  Li  Li65  1  0.870491  0.743668  0.968430  1\n  Li  Li66  1  0.370491  0.756332  0.531570  1\n  Li  Li67  1  0.629509  0.243668  0.031570  1\n  Li  Li68  1  0.129509  0.256332  0.468430  1\n  Li  Li69  1  0.129509  0.256332  0.031570  1\n  Li  Li70  1  0.629509  0.243668  0.468430  1\n  Li  Li71  1  0.370491  0.756332  0.968430  1\n  Li  Li72  1  0.870491  0.743668  0.531570  1\n  Li  Li73  1  0.137915  0.477849  0.671364  1\n  Li  Li74  1  0.637915  0.022151  0.828636  1\n  Li  Li75  1  0.362085  0.977849  0.328636  1\n  Li  Li76  1  0.862085  0.522151  0.171364  1\n  Li  Li77  1  0.862085  0.522151  0.328636  1\n  Li  Li78  1  0.362085  0.977849  0.171364  1\n  Li  Li79  1  0.637915  0.022151  0.671364  1\n  Li  Li80  1  0.137915  0.477849  0.828636  1\n  Li  Li81  1  0.862649  0.162568  0.688907  1\n  Li  Li82  1  0.362650  0.337432  0.811093  1\n  Li  Li83  1  0.637351  0.662568  0.311093  1\n  Li  Li84  1  0.137350  0.837432  0.188907  1\n  Li  Li85  1  0.137350  0.837432  0.311093  1\n  Li  Li86  1  0.637351  0.662568  0.188907  1\n  Li  Li87  1  0.362650  0.337432  0.688907  1\n  Li  Li88  1  0.862649  0.162568  0.811093  1\n  Li  Li89  1  0.608819  0.843372  0.187194  1\n  Li  Li90  1  0.108819  0.656628  0.312806  1\n  Li  Li91  1  0.891181  0.343372  0.812806  1\n  Li  Li92  1  0.391181  0.156628  0.687194  1\n  Li  Li93  1  0.391181  0.156628  0.812806  1\n  Li  Li94  1  0.891181  0.343372  0.687194  1\n  Li  Li95  1  0.108819  0.656628  0.187194  1\n  Li  Li96  1  0.608819  0.843372  0.312806  1\n  Si  Si97  1  0.615657  0.492192  0.250000  1\n  Si  Si98  1  0.115657  0.007808  0.250000  1\n  Si  Si99  1  0.884343  0.992192  0.750000  1\n  Si  Si100  1  0.384343  0.507808  0.750000  1\n  Si  Si101  1  0.122276  0.488039  0.250000  1\n  Si  Si102  1  0.622276  0.011961  0.250000  1\n  Si  Si103  1  0.377724  0.988039  0.750000  1\n  Si  Si104  1  0.877724  0.511961  0.750000  1\n  Si  Si105  1  0.371789  0.735461  0.250000  1\n  Si  Si106  1  0.871789  0.764539  0.250000  1\n  Si  Si107  1  0.128211  0.235461  0.750000  1\n  Si  Si108  1  0.628211  0.264539  0.750000  1\n  Si  Si109  1  0.367024  0.569558  0.250000  1\n  Si  Si110  1  0.867024  0.930442  0.250000  1\n  Si  Si111  1  0.132976  0.069558  0.750000  1\n  Si  Si112  1  0.632976  0.430442  0.750000  1\n  Si  Si113  1  0.123876  0.751950  0.632157  1\n  Si  Si114  1  0.623876  0.748050  0.867843  1\n  Si  Si115  1  0.376124  0.251950  0.367843  1\n  Si  Si116  1  0.876124  0.248050  0.132157  1\n  Si  Si117  1  0.876124  0.248050  0.367843  1\n  Si  Si118  1  0.376124  0.251950  0.132157  1\n  Si  Si119  1  0.623876  0.748050  0.632157  1\n  Si  Si120  1  0.123876  0.751950  0.867843  1\n  Si  Si121  1  0.106531  0.614015  0.565017  1\n  Si  Si122  1  0.606531  0.885985  0.934983  1\n  Si  Si123  1  0.393469  0.114015  0.434983  1\n  Si  Si124  1  0.893469  0.385985  0.065017  1\n  Si  Si125  1  0.893469  0.385985  0.434983  1\n  Si  Si126  1  0.393469  0.114015  0.065017  1\n  Si  Si127  1  0.606531  0.885985  0.565017  1\n  Si  Si128  1  0.106531  0.614015  0.934983  1\n  Si  Si129  1  0.117767  0.666445  0.449391  1\n  Si  Si130  1  0.617767  0.833555  0.050609  1\n  Si  Si131  1  0.382233  0.166445  0.550609  1\n  Si  Si132  1  0.882233  0.333555  0.949391  1\n  Si  Si133  1  0.882233  0.333555  0.550609  1\n  Si  Si134  1  0.382233  0.166445  0.949391  1\n  Si  Si135  1  0.617767  0.833555  0.449391  1\n  Si  Si136  1  0.117767  0.666445  0.050609  1\n  Si  Si137  1  0.119922  0.831416  0.446858  1\n  Si  Si138  1  0.619922  0.668584  0.053142  1\n  Si  Si139  1  0.380078  0.331416  0.553142  1\n  Si  Si140  1  0.880078  0.168584  0.946858  1\n  Si  Si141  1  0.880078  0.168584  0.553142  1\n  Si  Si142  1  0.380078  0.331416  0.946858  1\n  Si  Si143  1  0.619922  0.668584  0.446858  1\n  Si  Si144  1  0.119922  0.831416  0.053142  1\n  Si  Si145  1  0.131146  0.885834  0.560826  1\n  Si  Si146  1  0.631146  0.614166  0.939174  1\n  Si  Si147  1  0.368854  0.385834  0.439174  1\n  Si  Si148  1  0.868854  0.114166  0.060826  1\n  Si  Si149  1  0.868854  0.114166  0.439174  1\n  Si  Si150  1  0.368854  0.385834  0.060826  1\n  Si  Si151  1  0.631146  0.614166  0.560826  1\n  Si  Si152  1  0.131146  0.885834  0.939174  1\n", "task_id": "mp-1314", "nelements": 2, "e_above_hull": 0, "is_compatible": true, "coord": 9.006046535459966, "potcar": null, "lengths_and_angles": [[8.53123776, 14.31268194, 19.62266159], [90.0, 90.0, 90.0]], "dos": {"GGA": {"oid": "56b4ab679ce3864e99b9f140", "fs_id": "54dc25e85f564a595dda794a", "task_id": "mp-931534"}}}, {"energy": -49.50726482, "elasticity": {"elastic_tensor": [[53.0, 19.0, 14.0, 0.0, 0.0, 0.0], [19.0, 65.0, -6.0, 0.0, 0.0, 0.0], [14.0, -6.0, 78.0, 0.0, 0.0, 0.0], [0.0, 0.0, 0.0, 11.0, 0.0, 0.0], [0.0, 0.0, 0.0, 0.0, 32.0, 0.0], [0.0, 0.0, 0.0, 0.0, 0.0, 38.0]], "compliance_tensor": [[23.0, -7.3, -4.8, 0.0, 0.0, 0.0], [-7.3, 17.9, 2.8, 0.0, 0.0, 0.0], [-4.8, 2.8, 14.0, 0.0, 0.0, 0.0], [0.0, 0.0, 0.0, 88.3, 0.0, 0.0], [0.0, 0.0, 0.0, 0.0, 31.2, 0.0], [0.0, 0.0, 0.0, 0.0, 0.0, 26.5]], "G_Voigt_Reuss_Hill": 25.0, "G_Reuss": 22.0, "elastic_tensor_original": [[64.84694023158636, 19.40664304368293, -6.437034574630532, 0.0, 0.0, 0.0], [19.154680989169485, 52.56900866475138, 13.897650485466057, 0.0, 0.0, 0.0], [-6.438713473061734, 14.277312569091832, 77.76600681833685, 0.0, 0.0, 0.0], [0.0, 0.0, 0.0, 32.01547169666667, 0.0, 0.0], [0.0, 0.0, 0.0, 0.0, 11.32149629666667, 0.0], [0.0, 0.0, 0.0, 0.0, 0.0, 37.69549607333334]], "K_Voigt_Reuss_Hill": 28.0, "K_Reuss": 28.0, "universal_anisotropy": 1.35, "K_VRH": 28.0, "elastic_tensor_orig_symmetrized": [[64.84694023158636, 19.28066201642621, -6.437874023846133, 1.1806000511929153e-15, 3.970729889455598e-15, -5.796966912040846e-15], [19.28066201642621, 52.569008664751394, 14.087481527278943, 3.2189234097818634e-15, 1.1806000511929153e-15, -3.2189234097818622e-15], [-6.437874023846133, 14.087481527278943, 77.76600681833682, 4.783373951673035e-15, 9.922773292962918e-16, -8.626094580214812e-16], [1.1806000511929153e-15, 3.2189234097818634e-15, 4.783373951673035e-15, 32.01547169666667, -1.960382246825776e-15, 2.3081834304239648e-15], [3.970729889455598e-15, 1.1806000511929153e-15, 9.922773292962918e-16, -1.960382246825776e-15, 11.321496296666671, 2.3081834304239648e-15], [-5.796966912040846e-15, -3.2189234097818622e-15, -8.626094580214812e-16, 2.3081834304239648e-15, 2.3081834304239648e-15, 37.69549607333333]], "state": "successful", "G_VRH": 25.0, "homogeneous_poisson": 0.16, "K_Voigt": 28.0, "warnings": null, "poisson_ratio": 0.16, "G_Voigt": 27.0, "elastic_anisotropy": 1.35}, "unit_cell_formula": {"Sn": 4.0, "Li": 14.0}, "hubbards": {}, "energy_per_atom": -2.7504036011111115, "band_gap": 0.0, "density": 2.9746475674053765, "incar": null, "kpoints": null, "nsites": 18, "icsd_id": null, "conventional_lattice": [[9.799700408790583, 0.0, 6.000585869114198e-16], [-8.47066392826195e-16, 13.833644009292403, 8.47066392826195e-16], [0.0, 0.0, 4.71086654]], "volrat": 0.19442100990478167, "elements": ["Li", "Sn"], "pretty_formula": "Li7Sn2", "volume": 319.3156462516324, "is_hubbard": false, "formation_energy_per_atom": -0.3747236100000002, "cif": "# generated using pymatgen\ndata_Li7Sn2\n_symmetry_space_group_name_H-M   'P 1'\n_cell_length_a   4.71086654\n_cell_length_b   8.47649448\n_cell_length_c   8.47649448\n_cell_angle_alpha   109.37277858\n_cell_angle_beta   90.00000000\n_cell_angle_gamma   90.00000000\n_symmetry_Int_Tables_number   1\n_chemical_formula_structural   Li7Sn2\n_chemical_formula_sum   'Li14 Sn4'\n_cell_volume   319.315646252\n_cell_formula_units_Z   2\nloop_\n _symmetry_equiv_pos_site_id\n _symmetry_equiv_pos_as_xyz\n  1  'x, y, z'\nloop_\n _atom_site_type_symbol\n _atom_site_label\n _atom_site_symmetry_multiplicity\n _atom_site_fract_x\n _atom_site_fract_y\n _atom_site_fract_z\n _atom_site_occupancy\n  Li  Li1  1  0.000000  0.000000  0.000000  1\n  Li  Li2  1  0.500000  0.500000  0.500000  1\n  Li  Li3  1  0.000000  0.346909  0.346909  1\n  Li  Li4  1  0.000000  0.653091  0.653091  1\n  Li  Li5  1  0.500000  0.172544  0.827456  1\n  Li  Li6  1  0.500000  0.827456  0.172544  1\n  Li  Li7  1  0.000000  0.343969  0.029295  1\n  Li  Li8  1  0.000000  0.656031  0.970705  1\n  Li  Li9  1  0.000000  0.029295  0.343969  1\n  Li  Li10  1  0.000000  0.970705  0.656031  1\n  Li  Li11  1  0.500000  0.503426  0.180387  1\n  Li  Li12  1  0.500000  0.496574  0.819613  1\n  Li  Li13  1  0.500000  0.180387  0.503426  1\n  Li  Li14  1  0.500000  0.819613  0.496574  1\n  Sn  Sn15  1  0.500000  0.164716  0.164716  1\n  Sn  Sn16  1  0.500000  0.835284  0.835284  1\n  Sn  Sn17  1  0.000000  0.317676  0.682323  1\n  Sn  Sn18  1  0.000000  0.682323  0.317676  1\n", "task_id": "mp-30767", "nelements": 2, "e_above_hull": 0, "is_compatible": true, "coord": 8.957472300451661, "potcar": null, "lengths_and_angles": [[9.799700408790583, 13.833644009292403, 4.71086654], [90.0, 90.0, 90.0]], 