[{"energy": -14.32804037, "elasticity": {"elastic_tensor": [[109.0, 83.0, 77.0, 0.0, 0.0, 0.0], [83.0, 109.0, 77.0, 0.0, 0.0, 0.0], [77.0, 77.0, 121.0, 0.0, 0.0, 0.0], [0.0, 0.0, 0.0, 61.0, 0.0, 0.0], [0.0, 0.0, 0.0, 0.0, 61.0, 0.0], [0.0, 0.0, 0.0, 0.0, 0.0, 59.0]], "compliance_tensor": [[24.5, -13.8, -6.8, 0.0, 0.0, 0.0], [-13.8, 24.5, -6.8, 0.0, 0.0, 0.0], [-6.8, -6.8, 16.9, 0.0, 0.0, 0.0], [0.0, 0.0, 0.0, 16.3, 0.0, 0.0], [0.0, 0.0, 0.0, 0.0, 16.3, 0.0], [0.0, 0.0, 0.0, 0.0, 0.0, 17.0]], "G_Voigt_Reuss_Hill": 36.0, "G_Reuss": 29.0, "elastic_tensor_original": [[109.14186537350753, 82.99754721764712, 76.06557704522929, 0.0, 0.0, 0.0], [82.98340854037718, 109.15440220928784, 76.06557704522929, 0.0, 0.0, 0.0], [78.49192673803731, 78.5059643419758, 121.27205902521821, 0.0, 0.0, 0.0], [0.0, 0.0, 0.0, 61.24201826333334, 0.0, 0.0], [0.0, 0.0, 0.0, 0.0, 61.241804600000016, 0.0], [0.0, 0.0, 0.0, 0.0, 0.0, 58.70698921666667]], "K_Voigt_Reuss_Hill": 90.0, "K_Reuss": 90.0, "universal_anisotropy": 2.49, "K_VRH": 90.0, "elastic_tensor_orig_symmetrized": [[109.14813379139774, 82.99047787901215, 77.28226129261793, 5.0817011547120716e-15, 6.68339563402711e-15, -1.2271233797888978e-14], [82.99047787901215, 109.14813379139774, 77.28226129261793, 6.68339563402711e-15, 5.0817011547120716e-15, -6.683395634027112e-15], [77.28226129261793, 77.28226129261793, 121.27205902521825, 1.2232144776989323e-14, 1.2232144776989323e-14, -4.732173696143697e-15], [5.0817011547120716e-15, 6.68339563402711e-15, 1.2232144776989323e-14, 61.24191143166669, -3.749985540422813e-15, 3.594766321588451e-15], [6.68339563402711e-15, 5.0817011547120716e-15, 1.2232144776989323e-14, -3.749985540422813e-15, 61.24191143166669, 3.594766321588451e-15], [-1.2271233797888978e-14, -6.683395634027112e-15, -4.732173696143697e-15, 3.594766321588451e-15, 3.594766321588451e-15, 58.70698921666667]], "state": "successful", "G_VRH": 36.0, "homogeneous_poisson": 0.32, "K_Voigt": 91.0, "warnings": null, "poisson_ratio": 0.32, "G_Voigt": 43.0, "elastic_anisotropy": 2.49}, "unit_cell_formula": {"Cu": 3.0, "Li": 1.0}, "hubbards": {}, "energy_per_atom": -3.5820100925, "band_gap": 0.0, "density": 6.929197262110203, "incar": null, "kpoints": null, "nsites": 4, "icsd_id": null, "conventional_lattice": [[3.5745272822456347, 0.0, 2.188766697333502e-16], [-2.188766697333502e-16, 3.5745272822456347, 2.188766697333502e-16], [0.0, 0.0, 7.411390244771465]], "volrat": 0.31816552353261957, "elements": ["Cu", "Li"], "pretty_formula": "LiCu3", "volume": 47.348575464330736, "is_hubbard": false, "formation_energy_per_atom": -0.030686934999999416, "cif": "# generated using pymatgen\ndata_LiCu3\n_symmetry_space_group_name_H-M   'P 1'\n_cell_length_a   4.48562136\n_cell_length_b   4.48562136\n_cell_length_c   4.48562136\n_cell_angle_alpha   133.03826419\n_cell_angle_beta   133.03826419\n_cell_angle_gamma   68.59406262\n_symmetry_Int_Tables_number   1\n_chemical_formula_structural   LiCu3\n_chemical_formula_sum   'Li1 Cu3'\n_cell_volume   47.3485754643\n_cell_formula_units_Z   1\nloop_\n _symmetry_equiv_pos_site_id\n _symmetry_equiv_pos_as_xyz\n  1  'x, y, z'\nloop_\n _atom_site_type_symbol\n _atom_site_label\n _atom_site_symmetry_multiplicity\n _atom_site_fract_x\n _atom_site_fract_y\n _atom_site_fract_z\n _atom_site_occupancy\n  Li  Li1  1  0.000000  0.000000  0.000000  1\n  Cu  Cu2  1  0.749999  0.250000  0.499999  1\n  Cu  Cu3  1  0.250000  0.749999  0.499999  1\n  Cu  Cu4  1  0.500001  0.500001  0.000000  1\n", "task_id": "mp-862658", "nelements": 2, "e_above_hull": 0, "is_compatible": true, "coord": 11.121667700453473, "potcar": null, "lengths_and_angles": [[3.5745272822456347, 3.5745272822456347, 7.411390244771465], [90.0, 90.0, 90.0]], "dos": {"GGA": {"oid": "59110ba20750790d62ebff64", "fs_id": "57b85ebe754df23a85cbb74c", "task_id": "mp-1004069"}}}, {"energy": -5.27640774, "elasticity": {"elastic_tensor": [[43.0, 21.0, 24.0, 0.0, 0.0, 0.0], [21.0, 43.0, 24.0, 0.0, 0.0, 0.0], [24.0, 24.0, 44.0, 0.0, 0.0, 0.0], [0.0, 0.0, 0.0, 37.0, 0.0, 0.0], [0.0, 0.0, 0.0, 0.0, 37.0, 0.0], [0.0, 0.0, 0.0, 0.0, 0.0, 35.0]], "compliance_tensor": [[36.0, -10.5, -13.7, 0.0, 0.0, 0.0], [-10.5, 36.0, -13.7, 0.0, 0.0, 0.0], [-13.7, -13.7, 37.5, 0.0, 0.0, 0.0], [0.0, 0.0, 0.0, 26.8, 0.0, 0.0], [0.0, 0.0, 0.0, 0.0, 26.8, 0.0], [0.0, 0.0, 0.0, 0.0, 0.0, 28.2]], "G_Voigt_Reuss_Hill": 22.0, "G_Reuss": 18.0, "elastic_tensor_original": [[42.98547149857291, 21.498206873461385, 23.60491686961766, 0.0, 0.0, 0.0], [21.49827198704513, 42.98565691255496, 23.60491686961766, 0.0, 0.0, 0.0], [23.41881052059087, 23.417304035839855, 43.777607222409465, 0.0, 0.0, 0.0], [0.0, 0.0, 0.0, 37.301054260000015, 0.0, 0.0], [0.0, 0.0, 0.0, 0.0, 37.300971833333335, 0.0], [0.0, 0.0, 0.0, 0.0, 0.0, 35.402348240000016]], "K_Voigt_Reuss_Hill": 30.0, "K_Reuss": 30.0, "universal_anisotropy": 2.27, "K_VRH": 30.0, "elastic_tensor_orig_symmetrized": [[42.985564205563946, 21.498239430253264, 23.511487073916513, 1.3163875052781533e-15, 2.632106680694346e-15, -5.651924750719749e-15], [21.498239430253264, 42.985564205563946, 23.511487073916516, 2.632106680694346e-15, 1.3163875052781533e-15, -2.632106680694345e-15], [23.511487073916513, 23.511487073916516, 43.777607222409436, 6.00771999266871e-15, 6.0077199926687114e-15, -1.4396633694133107e-15], [1.3163875052781533e-15, 2.632106680694346e-15, 6.00771999266871e-15, 37.301013046666654, -2.284028311627701e-15, 2.167768622720798e-15], [2.632106680694346e-15, 1.3163875052781533e-15, 6.0077199926687114e-15, -2.284028311627701e-15, 37.301013046666654, 2.167768622720798e-15], [-5.651924750719749e-15, -2.632106680694345e-15, -1.4396633694133107e-15, 2.167768622720798e-15, 2.167768622720798e-15, 35.40234824000003]], "state": "successful", "G_VRH": 22.0, "homogeneous_poisson": 0.2, "K_Voigt": 30.0, "warnings": null, "poisson_ratio": 0.2, "G_Voigt": 26.0, "elastic_anisotropy": 2.27}, "unit_cell_formula": {"Mg": 2.0, "Li": 1.0}, "hubbards": {}, "energy_per_atom": -1.75880258, "band_gap": 0.0, "density": 1.4748157189406437, "incar": null, "kpoints": null, "nsites": 3, "icsd_id": null, "conventional_lattice": [[3.46545226, 0.0, 2.1219775089034807e-16], [-2.1219775089034807e-16, 3.46545226, 2.1219775089034807e-16], [0.0, 0.0, 10.416317224554083]], "volrat": 0.23877293351044523, "elements": ["Li", "Mg"], "pretty_formula": "LiMg2", "volume": 62.546524569679825, "is_hubbard": false, "formation_energy_per_atom": -0.06012069666666638, "cif": "# generated using pymatgen\ndata_LiMg2\n_symmetry_space_group_name_H-M   'P 1'\n_cell_length_a   3.46068247\n_cell_length_b   5.75648213\n_cell_length_c   3.47022205\n_cell_angle_alpha   72.43467526\n_cell_angle_beta   90.00000012\n_cell_angle_gamma   107.49305134\n_symmetry_Int_Tables_number   1\n_chemical_formula_structural   LiMg2\n_chemical_formula_sum   'Li1 Mg2'\n_cell_volume   62.5465245697\n_cell_formula_units_Z   1\nloop_\n _symmetry_equiv_pos_site_id\n _symmetry_equiv_pos_as_xyz\n  1  'x, y, z'\nloop_\n _atom_site_type_symbol\n _atom_site_label\n _atom_site_symmetry_multiplicity\n _atom_site_fract_x\n _atom_site_fract_y\n _atom_site_fract_z\n _atom_site_occupancy\n  Li  Li1  1  0.694946  0.389889  0.213703  1\n  Mg  Mg2  1  0.035885  0.071769  0.871271  1\n  Mg  Mg3  1  0.353887  0.707775  0.555408  1\n", "task_id": "mp-865939", "nelements": 2, "e_above_hull": 0, "is_compatible": true, "coord": 9.817383428900586, "potcar": null, "lengths_and_angles": [[3.46545226, 3.46545226, 10.416317224554083], [90.0, 90.0, 90.0]], "dos": {"GGA": {"oid": "59110c180750790d62ebffe3", "fs_id": "57c110bac381780618e3ecc7", "task_id": "mp-1005020"}}}, {"energy": -13.44751557, "elasticity": {"elastic_tensor": [[127.0, 28.0, 40.0, 0.0, 0.0, 0.0], [28.0, 127.0, 40.0, 0.0, 0.0, 0.0], [40.0, 40.0, 99.0, 0.0, 0.0, 0.0], [0.0, 0.0, 0.0, 30.0, 0.0, 0.0], [0.0, 0.0, 0.0, 0.0, 30.0, 0.0], [0.0, 0.0, 0.0, 0.0, 0.0, 32.0]], "compliance_tensor": [[9.1, -1.0, -3.3, 0.0, 0.0, 0.0], [-1.0, 9.1, -3.3, 0.0, 0.0, 0.0], [-3.3, -3.3, 12.8, 0.0, 0.0, 0.0], [0.0, 0.0, 0.0, 33.6, 0.0, 0.0], [0.0, 0.0, 0.0, 0.0, 33.6, 0.0], [0.0, 0.0, 0.0, 0.0, 0.0, 30.9]], "G_Voigt_Reuss_Hill": 34.0, "G_Reuss": 33.0, "elastic_tensor_original": [[126.94328328400682, 27.939271953770323, 40.974145520031556, 0.0, 0.0, 0.0], [27.939407125684973, 126.94321445849401, 40.974145520031556, 0.0, 0.0, 0.0], [38.75542621462765, 38.755351689096855, 98.65537705560429, 0.0, 0.0, 0.0], [0.0, 0.0, 0.0, 29.755458386666675, 0.0, 0.0], [0.0, 0.0, 0.0, 0.0, 29.755454326666673, 0.0], [0.0, 0.0, 0.0, 0.0, 0.0, 32.36614397666667]], "K_Voigt_Reuss_Hill": 63.0, "K_Reuss": 63.0, "universal_anisotropy": 0.2, "K_VRH": 63.0, "elastic_tensor_orig_symmetrized": [[126.94324887125033, 27.93933953972765, 39.8647672359469, 1.7107911368809277e-15, 7.773032170177132e-15, -5.674500599057649e-15], [27.93933953972765, 126.94324887125033, 39.8647672359469, 7.773032170177134e-15, 1.7107911368809277e-15, -7.773032170177134e-15], [39.8647672359469, 39.8647672359469, 98.65537705560429, 6.085005418148893e-15, 6.085005418148893e-15, -2.441012979712833e-15], [1.7107911368809277e-15, 7.773032170177134e-15, 6.085005418148893e-15, 29.755456356666674, -1.82199621921803e-15, 1.9818547310883606e-15], [7.773032170177132e-15, 1.7107911368809277e-15, 6.085005418148893e-15, -1.82199621921803e-15, 29.755456356666674, 1.981854731088361e-15], [-5.674500599057649e-15, -7.773032170177134e-15, -2.441012979712833e-15, 1.9818547310883606e-15, 1.981854731088361e-15, 32.366143976666656]], "state": "successful", "G_VRH": 34.0, "homogeneous_poisson": 0.27, "K_Voigt": 63.0, "warnings": null, "poisson_ratio": 0.27, "G_Voigt": 35.0, "elastic_anisotropy": 0.2}, "unit_cell_formula": {"Al": 3.0, "Li": 1.0}, "hubbards": {}, "energy_per_atom": -3.3618788925, "band_gap": 0.0, "density": 2.229478234467586, "incar": null, "kpoints": null, "nsites": 4, "icsd_id": null, "conventional_lattice": [[3.998342239044756, 0.0, 2.448278512470911e-16], [-2.448278512470911e-16, 3.998342239044756, 2.448278512470911e-16], [0.0, 0.0, 8.189053117496108]], "volrat": 0.33743448017994443, "elements": ["Al", "Li"], "pretty_formula": "LiAl3", "volume": 65.45813427364692, "is_hubbard": false, "formation_energy_per_atom": -0.07366743499999995, "cif": "# generated using pymatgen\ndata_LiAl3\n_symmetry_space_group_name_H-M   'P 1'\n_cell_length_a   4.97579321\n_cell_length_b   4.97579321\n_cell_length_c   4.97579321\n_cell_angle_alpha   132.62107311\n_cell_angle_beta   132.62107311\n_cell_angle_gamma   69.24986056\n_symmetry_Int_Tables_number   1\n_chemical_formula_structural   LiAl3\n_chemical_formula_sum   'Li1 Al3'\n_cell_volume   65.4581342736\n_cell_formula_units_Z   1\nloop_\n _symmetry_equiv_pos_site_id\n _symmetry_equiv_pos_as_xyz\n  1  'x, y, z'\nloop_\n _atom_site_type_symbol\n _atom_site_label\n _atom_site_symmetry_multiplicity\n _atom_site_fract_x\n _atom_site_fract_y\n _atom_site_fract_z\n _atom_site_occupancy\n  Li  Li1  1  -0.000000  -0.000000  0.000000  1\n  Al  Al2  1  0.749998  0.249999  0.499999  1\n  Al  Al3  1  0.249999  0.749998  0.499999  1\n  Al  Al4  1  0.500001  0.500001  -0.000000  1\n", "task_id": "mp-975906", "nelements": 2, "e_above_hull": 0.016008325000000045, "is_compatible": true, "coord": 11.40457958481951, "potcar": null, "lengths_and_angles": [[3.998342239044756, 3.998342239044756, 8.189053117496108], [90.0, 90.0, 90.0]], "dos": {"GGA": {"oid": "59110d450750790d3dec008b", "fs_id": "55fb1dd4538c703b7cffea42", "task_id": "mp-975965"}}}, {"energy": -11.49221855, "elasticity": {"elastic_tensor": [[39.0, 13.0, 24.0, -0.0, 0.0, 0.0], [13.0, 39.0, 24.0, -0.0, 0.0, 0.0], [24.0, 24.0, 34.0, 0.0, 0.0, -0.0], [-0.0, -0.0, 0.0, 23.0, -0.0, 0.0], [0.0, 0.0, 0.0, -0.0, 23.0, -0.0], [0.0, 0.0, -0.0, 0.0, -0.0, 6.0]], "compliance_tensor": [[49.5, 11.3, -43.6, 0.0, 0.0, -0.0], [11.3, 49.5, -43.6, 0.0, 0.0, -0.0], [-43.6, -43.6, 91.9, -0.0, -0.0, 0.0], [0.0, 0.0, -0.0, 42.6, 0.0, -0.0], [0.0, 0.0, -0.0, 0.0, 42.6, 0.0], [-0.0, -0.0, 0.0, -0.0, 0.0, 179.7]], "G_Voigt_Reuss_Hill": 11.0, "G_Reuss": 8.0, "elastic_tensor_original": [[38.79535114467493, 12.620409276472868, 26.125480292823365, 0.42896646333333327, -0.357304363333333, -2.1309104966666674], [12.576822677347486, 38.8344938681471, 26.125480292823365, 0.3550474366666673, -0.1636732699999999, -2.134516066666667], [22.619580505434726, 22.660903025120547, 34.003845474669234, 0.36936161000000056, 0.09957419333333366, -2.1645895700000004], [0.0, 0.0, 0.0, 23.615976733333337, 0.0, 0.16611999000000002], [0.0, 0.0, 0.0, 0.0, 23.38157766333333, -0.16107349333333337], [0.0, 0.0, 0.0, 0.0, 0.0, 5.565276460000001]], "K_Voigt_Reuss_Hill": 26.0, "K_Reuss": 26.0, "universal_anisotropy": 3.62, "K_VRH": 26.0, "elastic_tensor_orig_symmetrized": [[38.81492250641101, 12.598615976910171, 24.38286102905049, 7.673605329601414e-16, 2.3887929105416707e-15, -1.4481412344070512e-15], [12.598615976910171, 38.81492250641101, 24.38286102905049, 2.3818540166377635e-15, 7.604216390562343e-16, -2.3540984410221346e-15], [24.38286102905049, 24.38286102905049, 34.00384547466923, 4.3741918583380695e-15, 4.375926581814047e-15, -1.4659959601949284e-15], [7.673605329601414e-16, 2.3818540166377635e-15, 4.3741918583380695e-15, 23.49877719833335, -1.4388851139907859e-15, 3.4299243593742e-16], [2.3887929105416707e-15, 7.604216390562343e-16, 4.375926581814047e-15, -1.4388851139907859e-15, 23.498777198333347, 3.403903507234549e-16], [-1.4481412344070512e-15, -2.3540984410221346e-15, -1.4659959601949284e-15, 3.4299243593742e-16, 3.403903507234549e-16, 5.565276460000004]], "state": "successful", "G_VRH": 11.0, "homogeneous_poisson": 0.31, "K_Voigt": 26.0, "warnings": null, "poisson_ratio": 0.31, "G_Voigt": 14.0, "elastic_anisotropy": 3.62}, "unit_cell_formula": {"Co": 1.0, "Li": 3.0}, "hubbards": {}, "energy_per_atom": -2.8730546375, "band_gap": 0.0, "density": 2.3514184878258217, "incar": null, "kpoints": null, "nsites": 4, "icsd_id": null, "conventional_lattice": [[3.811698359930097, 0.0, 2.3339920979018045e-16], [-2.3339920979018045e-16, 3.811698359930097, 2.3339920979018045e-16], [0.0, 0.0, 7.753119939938276]], "volrat": 0.3490987911128846, "elements": ["Co", "Li"], "pretty_formula": "Li3Co", "volume": 56.32271187542679, "is_hubbard": false, "formation_energy_per_atom": 0.3361046887499999, "cif": "# generated using pymatgen\ndata_Li3Co\n_symmetry_space_group_name_H-M   'P 1'\n_cell_length_a   4.72146581\n_cell_length_b   4.72146581\n_cell_length_c   4.72146581\n_cell_angle_alpha   132.38610364\n_cell_angle_beta   132.38610364\n_cell_angle_gamma   69.61989752\n_symmetry_Int_Tables_number   1\n_chemical_formula_structural   Li3Co\n_chemical_formula_sum   'Li3 Co1'\n_cell_volume   56.3227118754\n_cell_formula_units_Z   1\nloop_\n _symmetry_equiv_pos_site_id\n _symmetry_equiv_pos_as_xyz\n  1  'x, y, z'\nloop_\n _atom_site_type_symbol\n _atom_site_label\n _atom_site_symmetry_multiplicity\n _atom_site_fract_x\n _atom_site_fract_y\n _atom_site_fract_z\n _atom_site_occupancy\n  Li  Li1  1  0.750002  0.250001  0.500001  1\n  Li  Li2  1  0.250001  0.750002  0.500001  1\n  Li  Li3  1  0.500000  0.500000  -0.000000  1\n  Co  Co4  1  0.000000  0.000000  -0.000000  1\n", "task_id": "mp-976017", "nelements": 2, "e_above_hull": 0.3361046887499999, "is_compatible": true, "coord": 11.570636655139348, "potcar": null, "lengths_and_angles": [[3.811698359930097, 3.811698359930097, 7.753119939938276], [90.0, 90.0, 90.0]], "dos": {"GGA": {"oid": "59110d460750790cdbec009f", "fs_id": "55fb284a2b438114eeac958d", "task_id": "mp-976078"}}}, {"energy": -39.38744118, "elasticity": {"elastic_tensor": [[59.0, 20.0, 25.0, 0.0, 0.0, 0.0], [20.0, 59.0, 25.0, 0.0, 0.0, 0.0], [25.0, 25.0, 74.0, 0.0, 0.0, 0.0], [0.0, 0.0, 0.0, 19.0, 0.0, 0.0], [0.0, 0.0, 0.0, 0.0, 19.0, 0.0], [0.0, 0.0, 0.0, 0.0, 0.0, 8.0]], "compliance_tensor": [[20.7, -4.6, -5.4, 0.0, 0.0, 0.0], [-4.6, 20.7, -5.4, 0.0, 0.0, 0.0], [-5.4, -5.4, 17.1, 0.0, 0.0, 0.0], [0.0, 0.0, 0.0, 52.2, 0.0, 0.0], [0.0, 0.0, 0.0, 0.0, 52.2, 0.0], [0.0, 0.0, 0.0, 0.0, 0.0, 124.6]], "G_Voigt_Reuss_Hill": 16.0, "G_Reuss": 15.0, "elastic_tensor_original": [[59.03797398414648, 19.64861039936656, 24.977309687808056, 0.0, 0.0, 0.0], [19.668264148139205, 59.05781014594311, 24.977309687808056, 0.0, 0.0, 0.0], [24.570550991825723, 24.508618506945965, 73.98434593065431, 0.0, 0.0, 0.0], [0.0, 0.0, 0.0, 19.16801770666667, 0.0, 0.0], [0.0, 0.0, 0.0, 0.0, 19.17517837666667, 0.0], [0.0, 0.0, 0.0, 0.0, 0.0, 8.026236970000001]], "K_Voigt_Reuss_Hill": 36.0, "K_Reuss": 36.0, "universal_anisotropy": 0.74, "K_VRH": 36.0, "elastic_tensor_orig_symmetrized": [[59.047892065044806, 19.658437273752888, 24.758447218596945, 1.2037321141770244e-15, 3.615640600692775e-15, -2.1866626556278893e-15], [19.658437273752888, 59.047892065044806, 24.758447218596945, 3.615640600692775e-15, 1.2037321141770244e-15, -3.615640600692776e-15], [24.758447218596945, 24.758447218596945, 73.98434593065436, 3.863861274532348e-15, 3.863861274532348e-15, -1.516017656905672e-15], [1.2037321141770244e-15, 3.615640600692775e-15, 3.863861274532348e-15, 19.171598041666666, -1.1739218088133375e-15, 4.914652707254325e-16], [3.615640600692775e-15, 1.2037321141770244e-15, 3.863861274532348e-15, -1.1739218088133375e-15, 19.171598041666666, 4.914652707254326e-16], [-2.1866626556278893e-15, -3.615640600692776e-15, -1.516017656905672e-15, 4.914652707254325e-16, 4.914652707254326e-16, 8.026236970000006]], "state": "successful", "G_VRH": 16.0, "homogeneous_poisson": 0.3, "K_Voigt": 37.0, "warnings": null, "poisson_ratio": 0.3, "G_Voigt": 17.0, "elastic_anisotropy": 0.74}, "unit_cell_formula": {"Sn": 6.0, "Li": 6.0}, "hubbards": {}, "energy_per_atom": -3.2822867650000003, "band_gap": 0.0, "density": 4.860108620189331, "incar": null, "kpoints": null, "nsites": 12, "icsd_id": 107516, "conventional_lattice": [[4.444824004999999, 0.0, 2.721669745248284e-16], [-2.721669745248284e-16, 4.444824004999999, 2.721669745248284e-16], [0.0, 0.0, 26.076010113750556]], "volrat": 0.27625950859594955, "elements": ["Li", "Sn"], "pretty_formula": "LiSn", "volume": 257.584830630114, "is_hubbard": false, "formation_energy_per_atom": -0.32307625999999995, "cif": "# generated using pymatgen\ndata_LiSn\n_symmetry_space_group_name_H-M   'P 1'\n_cell_length_a   4.44482400\n_cell_length_b   4.44482401\n_cell_length_c   13.41148038\n_cell_angle_alpha   99.53846312\n_cell_angle_beta   99.53846313\n_cell_angle_gamma   90.00000004\n_symmetry_Int_Tables_number   1\n_chemical_formula_structural   LiSn\n_chemical_formula_sum   'Li6 Sn6'\n_cell_volume   257.58483063\n_cell_formula_units_Z   6\nloop_\n _symmetry_equiv_pos_site_id\n _symmetry_equiv_pos_as_xyz\n  1  'x, y, z'\nloop_\n _atom_site_type_symbol\n _atom_site_label\n _atom_site_symmetry_multiplicity\n _atom_site_fract_x\n _atom_site_fract_y\n _atom_site_fract_z\n _atom_site_occupancy\n  Li  Li1  1  0.038337  0.788337  0.576674  1\n  Li  Li2  1  0.288337  0.538337  0.076674  1\n  Li  Li3  1  0.961663  0.211663  0.423326  1\n  Li  Li4  1  0.711663  0.461663  0.923326  1\n  Li  Li5  1  0.125000  0.375000  0.750000  1\n  Li  Li6  1  0.875000  0.625000  0.250000  1\n  Sn  Sn7  1  0.625000  0.875000  0.750000  1\n  Sn  Sn8  1  0.375000  0.125000  0.250000  1\n  Sn  Sn9  1  0.205073  0.955073  0.910145  1\n  Sn  Sn10  1  0.455073  0.705073  0.410145  1\n  Sn  Sn11  1  0.794927  0.044927  0.089855  1\n  Sn  Sn12  1  0.544927  0.294927  0.589855  1\n", "task_id": "mp-13444", "nelements": 2, "e_above_hull": 0.0035259266666662903, "is_compatible": true, "coord": 10.464370779433262, "potcar": null, "lengths_and_angles": [[4.444824004999999, 4.444824004999999, 26.076010113750556], [90.0, 90.0, 90.0]], "dos": {"GGA": {"oid": "56b4acaa9ce3864e99b9f168", "fs_id": "54c739b7ae988e3bfe02c640", "task_id": "mp-920444"}}}, {"energy": -32.71411531, "elasticity": {"elastic_tensor": [[151.0, 37.0, 36.0, 0.0, 0.0, 0.0], [37.0, 151.0, 36.0, 0.0, 0.0, 0.0], [36.0, 36.0, 101.0, 0.0, 0.0, 0.0], [0.0, 0.0, 0.0, 29.0, 0.0, 0.0], [0.0, 0.0, 0.0, 0.0, 29.0, 0.0], [0.0, 0.0, 0.0, 0.0, 0.0, 54.0]], "compliance_tensor": [[7.4, -1.3, -2.2, 0.0, 0.0, 0.0], [-1.3, 7.4, -2.2, 0.0, 0.0, 0.0], [-2.2, -2.2, 11.5, 0.0, 0.0, 0.0], [0.0, 0.0, 0.0, 34.2, 0.0, 0.0], [0.0, 0.0, 0.0, 0.0, 34.2, 0.0], [0.0, 0.0, 0.0, 0.0, 0.0, 18.7]], "G_Voigt_Reuss_Hill": 40.0, "G_Reuss": 39.0, "elastic_tensor_original": [[151.23205479669215, 37.11195491422868, 34.24377201593246, 0.0, 0.0, 0.0], [37.11113991711308, 151.23212232918723, 34.24377201593246, 0.0, 0.0, 0.0], [37.29084754488268, 37.292336935754825, 100.81569867532012, 0.0, 0.0, 0.0], [0.0, 0.0, 0.0, 29.275915546666678, 0.0, 0.0], [0.0, 0.0, 0.0, 0.0, 29.275982410000008, 0.0], [0.0, 0.0, 0.0, 0.0, 0.0, 53.50445086666667]], "K_Voigt_Reuss_Hill": 68.0, "K_Reuss": 67.0, "universal_anisotropy": 0.49, "K_VRH": 68.0, "elastic_tensor_orig_symmetrized": [[151.23208856293968, 37.111547415670884, 35.76768212812561, 2.272426887700328e-15, 9.260294659348657e-15, -8.824832337100344e-15], [37.111547415670884, 151.23208856293968, 35.7676821281256, 9.260294659348657e-15, 2.2724268877003284e-15, -9.260294659348657e-15], [35.76768212812561, 35.7676821281256, 100.81569867532015, 5.775408592388166e-15, 5.775408592388167e-15, -2.19013887155645e-15], [2.272426887700328e-15, 9.260294659348657e-15, 5.775408592388166e-15, 29.275948978333336, -1.792634860415857e-15, 3.2762027247000082e-15], [9.260294659348657e-15, 2.2724268877003284e-15, 5.775408592388167e-15, -1.792634860415857e-15, 29.27594897833334, 3.2762027247000086e-15], [-8.824832337100344e-15, -9.260294659348657e-15, -2.19013887155645e-15, 3.2762027247000082e-15, 3.2762027247000086e-15, 53.50445086666669]], "state": "successful", "G_VRH": 40.0, "homogeneous_poisson": 0.25, "K_Voigt": 69.0, "warnings": null, "poisson_ratio": 0.25, "G_Voigt": 42.0, "elastic_anisotropy": 0.49}, "unit_cell_formula": {"As": 2.0, "Fe": 2.0, "Li": 2.0}, "hubbards": {}, "energy_per_atom": -5.452352551666666, "band_gap": 0.0, "density": 5.201860172540601, "incar": null, "kpoints": null, "nsites": 6, "icsd_id": 163870, "conventional_lattice": [[3.78283682, 0.0, 2.316319501654876e-16], [-2.316319501654876e-16, 3.78283682, 2.316319501654876e-16], [0.0, 0.0, 6.14388496]], "volrat": 0.14493573874614057, "elements": ["As", "Fe", "Li"], "pretty_formula": "LiFeAs", "volume": 87.918099269407, "is_hubbard": false, "formation_energy_per_atom": -0.44303412333333253, "cif": "# generated using pymatgen\ndata_LiFeAs\n_symmetry_space_group_name_H-M   'P 1'\n_cell_length_a   3.78283682\n_cell_length_b   3.78283682\n_cell_length_c   6.14388496\n_cell_angle_alpha   90.00000000\n_cell_angle_beta   90.00000000\n_cell_angle_gamma   90.00000000\n_symmetry_Int_Tables_number   1\n_chemical_formula_structural   LiFeAs\n_chemical_formula_sum   'Li2 Fe2 As2'\n_cell_volume   87.9180992694\n_cell_formula_units_Z   2\nloop_\n _symmetry_equiv_pos_site_id\n _symmetry_equiv_pos_as_xyz\n  1  'x, y, z'\nloop_\n _atom_site_type_symbol\n _atom_site_label\n _atom_site_symmetry_multiplicity\n _atom_site_fract_x\n _atom_site_fract_y\n _atom_site_fract_z\n _atom_site_occupancy\n  Li  Li1  1  0.250000  0.250000  0.836359  1\n  Li  Li2  1  0.750000  0.750000  0.163641  1\n  Fe  Fe3  1  0.750000  0.250000  0.500000  1\n  Fe  Fe4  1  0.250000  0.750000  0.500000  1\n  As  As5  1  0.250000  0.250000  0.275251  1\n  As  As6  1  0.750000  0.750000  0.724749  1\n", "task_id": "mp-21471", "nelements": 3, "e_above_hull": 0, "is_compatible": true, "coord": 7.826168775603914, "potcar": null, "lengths_and_angles": [[3.78283682, 3.78283682, 6.14388496], [90.0, 90.0, 90.0]], "dos": {"GGA": {"oid": "56b4a9e49ce3864e84b9f111", "fs_id": "54c5f07b76342e60e395a0ba", "task_id": "mp-919059"}}}, {"energy": -16.2486003, "elasticity": {"elastic_tensor": [[125.0, 77.0, 83.0, 0.0, 0.0, 0.0], [77.0, 125.0, 83.0, 0.0, 0.0, 0.0], [83.0, 83.0, 129.0, 0.0, 0.0, 0.0], [0.0, 0.0, 0.0, 47.0, 0.0, 0.0], [0.0, 0.0, 0.0, 0.0, 47.0, 0.0], [0.0, 0.0, 0.0, 0.0, 0.0, 51.0]], "compliance_tensor": [[15.8, -5.1, -6.9, 0.0, 0.0, 0.0], [-5.1, 15.8, -6.9, 0.0, 0.0, 0.0], [-6.9, -6.9, 16.7, 0.0, 0.0, 0.0], [0.0, 0.0, 0.0, 21.4, 0.0, 0.0], [0.0, 0.0, 0.0, 0.0, 21.4, 0.0], [0.0, 0.0, 0.0, 0.0, 0.0, 19.5]], "G_Voigt_Reuss_Hill": 35.0, "G_Reuss": 33.0, "elastic_tensor_original": [[124.40006474148613, 76.45710339596855, 85.02454916576112, 0.0, 0.0, 0.0], [76.800538872169, 124.66189645358276, 85.02454916576112, 0.0, 0.0, 0.0], [81.36683213234443, 81.32524668876255, 128.51002875311357, 0.0, 0.0, 0.0], [0.0, 0.0, 0.0, 46.778263473333325, 0.0, 0.0], [0.0, 0.0, 0.0, 0.0, 46.78898480666666, 0.0], [0.0, 0.0, 0.0, 0.0, 0.0, 51.35764929000002]], "K_Voigt_Reuss_Hill": 96.0, "K_Reuss": 96.0, "universal_anisotropy": 0.77, "K_VRH": 96.0, "elastic_tensor_orig_symmetrized": [[124.53098059753444, 76.62882113406877, 83.18529428815727, 4.692162026213618e-15, 7.625323339172585e-15, -1.0981660107686703e-14], [76.62882113406877, 124.53098059753442, 83.18529428815727, 7.625323339172585e-15, 4.692162026213618e-15, -7.625323339172584e-15], [83.18529428815727, 83.18529428815727, 128.51002875311357, 1.0822971774862505e-14, 1.0822971774862507e-14, -5.093630219306121e-15], [4.692162026213618e-15, 7.625323339172585e-15, 1.0822971774862505e-14, 46.78362413999998, -2.8646707777781917e-15, 3.144749040736542e-15], [7.625323339172585e-15, 4.692162026213618e-15, 1.0822971774862507e-14, -2.8646707777781917e-15, 46.78362413999998, 3.144749040736542e-15], [-1.0981660107686703e-14, -7.625323339172584e-15, -5.093630219306121e-15, 3.144749040736542e-15, 3.144749040736542e-15, 51.35764928999999]], "state": "successful", "G_VRH": 35.0, "homogeneous_poisson": 0.34, "K_Voigt": 96.0, "warnings": null, "poisson_ratio": 0.34, "G_Voigt": 38.0, "elastic_anisotropy": 0.77}, "unit_cell_formula": {"Tl": 1.0, "Pd": 2.0, "Li": 1.0}, "hubbards": {}, "energy_per_atom": -4.062150075, "band_gap": 0.0, "density": 10.543621361578019, "incar": null, "kpoints": null, "nsites": 4, "icsd_id": 54365, "conventional_lattice": [[4.19711688, 0.0, 2.569992876369663e-16], [-2.569992876369663e-16, 4.19711688, 2.569992876369663e-16], [0.0, 0.0, 7.584400195560023]], "volrat": 0.30809091749828715, "elements": ["Li", "Pd", "Tl"], "pretty_formula": "LiTlPd2", "volume": 66.80260082322461, "is_hubbard": false, "formation_energy_per_atom": -0.40689042499999983, "cif": "# generated using pymatgen\ndata_LiTlPd2\n_symmetry_space_group_name_H-M   'P 1'\n_cell_length_a   4.19711688\n_cell_length_b   4.19711688\n_cell_length_c   4.81546225\n_cell_angle_alpha   115.83594565\n_cell_angle_beta   115.83594558\n_cell_angle_gamma   90.00000001\n_symmetry_Int_Tables_number   1\n_chemical_formula_structural   LiTlPd2\n_chemical_formula_sum   'Li1 Tl1 Pd2'\n_cell_volume   66.8026008232\n_cell_formula_units_Z   1\nloop_\n _symmetry_equiv_pos_site_id\n _symmetry_equiv_pos_as_xyz\n  1  'x, y, z'\nloop_\n _atom_site_type_symbol\n _atom_site_label\n _atom_site_symmetry_multiplicity\n _atom_site_fract_x\n _atom_site_fract_y\n _atom_site_fract_z\n _atom_site_occupancy\n  Li  Li1  1  0.500000  0.500000  0.000000  1\n  Pd  Pd2  1  0.250000  0.750000  0.500000  1\n  Pd  Pd3  1  0.750000  0.250000  0.500000  1\n  Tl  Tl4  1  0.000000  0.000000  0.000000  1\n", "task_id": "mp-12716", "nelements": 3, "e_above_hull": 0, "is_compatible": true, "coord": 10.969181617537311, "potcar": null, "lengths_and_angles": [[4.19711688, 4.19711688, 7.584400195560023], [90.0, 90.0, 90.0]], "dos": {"GGA": {"oid": "56bb2dc3643550041683127e", "fs_id": "56b30a976c7a582ec8d44248", "task_id": "mp-990606"}}}, {"energy": -39.25177537, "elasticity": {"elastic_tensor": [[4.0, 0.0, 0.0, 0.0, 0.0, 0.0], [0.0, 32.0, 1.0, 0.0, 0.0, 0.0], [0.0, 1.0, 32.0, 0.0, 0.0, 0.0], [0.0, 0.0, 0.0, 3.0, 0.0, 0.0], [0.0, 0.0, 0.0, 0.0, 0.0, 0.0], [0.0, 0.0, 0.0, 0.0, 0.0, 0.0]], "compliance_tensor": [[241.2, -3.1, -3.1, 0.0, 0.0, 0.0], [-3.1, 31.3, -1.1, 0.0, 0.0, 0.0], [-3.1, -1.1, 31.3, 0.0, 0.0, 0.0], [0.0, 0.0, 0.0, 325.4, 0.0, 0.0], [0.0, 0.0, 0.0, 0.0, 3014.6, 0.0], [0.0, 0.0, 0.0, 0.0, 0.0, 3014.6]], "G_Voigt_Reuss_Hill": 3.0, "G_Reuss": 1.0, "elastic_tensor_original": [[32.089878515683424, 1.159773917196716, 0.3316721348192411, 0.0, 0.0, 0.0], [1.1988000243748638, 32.07916548676922, 0.3316721348192411, 0.0, 0.0, 0.0], [0.5483161921214205, 0.5221232107069403, 4.156573662798142, 0.0, 0.0, 0.0], [0.0, 0.0, 0.0, 0.38143989333333345, 0.0, 0.0], [0.0, 0.0, 0.0, 0.0, 0.28200657, 0.0], [0.0, 0.0, 0.0, 0.0, 0.0, 3.0734371733333337]], "K_Voigt_Reuss_Hill": 6.0, "K_Reuss": 3.0, "universal_anisotropy": 31.3, "K_VRH": 6.0, "elastic_tensor_orig_symmetrized": [[32.084522001226325, 1.1792869707857898, 0.43344591811671074, 7.221050070244977e-17, 1.9646103585487323e-15, -4.485980003727654e-16], [1.1792869707857898, 32.084522001226325, 0.43344591811671074, 1.9646103585487323e-15, 7.221050070244968e-17, -1.964610358548732e-15], [0.43344591811671074, 0.43344591811671074, 4.156573662798142, 6.716528719759571e-17, 6.716528719759571e-17, -2.6540907811255756e-17], [7.221050070244977e-17, 1.9646103585487323e-15, 6.716528719759571e-17, 0.33172323166666673, -2.031218969316995e-17, 1.8819374983515768e-16], [1.9646103585487323e-15, 7.221050070244968e-17, 6.716528719759571e-17, -2.031218969316995e-17, 0.33172323166666673, 1.8819374983515777e-16], [-4.485980003727654e-16, -1.964610358548732e-15, -2.6540907811255756e-17, 1.8819374983515768e-16, 1.8819374983515777e-16, 3.0734371733333337]], "state": "filter_failed", "G_VRH": 3.0, "homogeneous_poisson": 0.28, "K_Voigt": 8.0, "warnings": ["Shear modulus (Reuss) is less than 2 GPa"], "poisson_ratio": 0.28, "G_Voigt": 5.0, "elastic_anisotropy": 31.3}, "unit_cell_formula": {"S": 4.0, "W": 1.0, "Li": 2.0}, "hubbards": {}, "energy_per_atom": -5.607396481428571, "band_gap": 1.9196, "density": 2.695804073539373, "incar": null, "kpoints": null, "nsites": 7, "icsd_id": null, "conventional_lattice": [[6.06981316, 0.0, 3.7166886289082407e-16], [-3.7166886289082407e-16, 6.06981316, 3.7166886289082407e-16], [0.0, 0.0, 5.45009043]], "volrat": 0.05533870450783208, "elements": ["Li", "S", "W"], "pretty_formula": "Li2WS4", "volume": 200.79567497452848, "is_hubbard": false, "formation_energy_per_atom": -1.2310403537499996, "cif": "# generated using pymatgen\ndata_Li2WS4\n_symmetry_space_group_name_H-M   'P 1'\n_cell_length_a   6.06981316\n_cell_length_b   6.06981316\n_cell_length_c   5.45009043\n_cell_angle_alpha   90.00000000\n_cell_angle_beta   90.00000000\n_cell_angle_gamma   90.00000000\n_symmetry_Int_Tables_number   1\n_chemical_formula_structural   Li2WS4\n_chemical_formula_sum   'Li2 W1 S4'\n_cell_volume   200.795674975\n_cell_formula_units_Z   1\nloop_\n _symmetry_equiv_pos_site_id\n _symmetry_equiv_pos_as_xyz\n  1  'x, y, z'\nloop_\n _atom_site_type_symbol\n _atom_site_label\n _atom_site_symmetry_multiplicity\n _atom_site_fract_x\n _atom_site_fract_y\n _atom_site_fract_z\n _atom_site_occupancy\n  Li  Li1  1  0.000000  0.500000  0.000000  1\n  Li  Li2  1  0.500000  0.000000  0.000000  1\n  W  W3  1  0.000000  0.000000  0.000000  1\n  S  S4  1  0.213120  0.213120  0.229845  1\n  S  S5  1  0.213120  0.786880  0.770155  1\n  S  S6  1  0.786880  0.213120  0.770155  1\n  S  S7  1  0.786880  0.786880  0.229845  1\n", "task_id": "mp-867695", "nelements": 3, "e_above_hull": 0.03643919663265205, "is_compatible": true, "coord": 4.806889296300191, "potcar": null, "lengths_and_angles": [[6.06981316, 6.06981316, 5.45009043], [90.0, 90.0, 90.0]], "dos": {"GGA": {"oid": "59110b940750790d31ebff3f", "fs_id": "544b21de5a0f760cbbffbb84", "task_id": "mp-868752"}}}, {"energy": -29.59116408, "elasticity": {"elastic_tensor": [[38.0, 16.0, 23.0, 0.0, 0.0, 0.0], [16.0, 38.0, 23.0, 0.0, 0.0, 0.0], [23.0, 23.0, 38.0, 0.0, 0.0, 0.0], [0.0, 0.0, 0.0, 20.0, 0.0, 0.0], [0.0, 0.0, 0.0, 0.0, 20.0, 0.0], [0.0, 0.0, 0.0, 0.0, 0.0, 14.0]], "compliance_tensor": [[42.0, -4.0, -22.9, 0.0, 0.0, 0.0], [-4.0, 42.0, -22.9, 0.0, 0.0, 0.0], [-22.9, -22.9, 53.7, 0.0, 0.0, 0.0], [0.0, 0.0, 0.0, 51.3, 0.0, 0.0], [0.0, 0.0, 0.0, 0.0, 51.3, 0.0], [0.0, 0.0, 0.0, 0.0, 0.0, 69.4]], "G_Voigt_Reuss_Hill": 13.0, "G_Reuss": 12.0, "elastic_tensor_original": [[38.03615508052778, 16.298977870149518, 23.257367081535218, 0.0, 0.0, 0.0014492366666665375], [16.298788989261972, 38.036185085133994, 23.257367081535218, 0.0, 0.0, 0.0], [23.059749066236563, 23.059824022239926, 38.370236236621245, 0.0, 0.0, 0.0], [0.0, 0.0, 0.0, 19.511713153333336, 0.0, 0.0], [0.0, 0.0, 0.0, 0.0, 19.511774150000008, 0.0], [0.0, 0.0, 0.0, 0.0, 0.0, 14.405028543333334]], "K_Voigt_Reuss_Hill": 26.0, "K_Reuss": 26.0, "universal_anisotropy": 0.98, "K_VRH": 26.0, "elastic_tensor_orig_symmetrized": [[38.036170082830886, 16.298883429705743, 23.158576812886732, 9.980187710932486e-16, 2.329043697188158e-15, -2.7621346838249386e-15], [16.298883429705743, 38.03617008283089, 23.158576812886732, 2.329043697188158e-15, 9.980187710932486e-16, -2.3290634020607593e-15], [23.158576812886732, 23.158576812886732, 38.370236236621245, 3.807553289215219e-15, 3.807553289215219e-15, -1.4180538483354924e-15], [9.980187710932486e-16, 2.329043697188158e-15, 3.807553289215219e-15, 19.511743651666674, -1.1947497204398637e-15, 8.820536048609713e-16], [2.329043697188158e-15, 9.980187710932486e-16, 3.807553289215219e-15, -1.1947497204398637e-15, 19.511743651666674, 8.820536048609713e-16], [-2.7621346838249386e-15, -2.3290634020607593e-15, -1.4180538483354924e-15, 8.820536048609713e-16, 8.820536048609713e-16, 14.405028543333337]], "state": "successful", "G_VRH": 13.0, "homogeneous_poisson": 0.29, "K_Voigt": 27.0, "warnings": null, "poisson_ratio": 0.29, "G_Voigt": 14.0, "elastic_anisotropy": 0.98}, "unit_cell_formula": {"Te": 4.0, "Al": 2.0, "Li": 2.0}, "hubbards": {}, "energy_per_atom": -3.69889551, "band_gap": 2.4411, "density": 3.9059289136180104, "incar": null, "kpoints": null, "nsites": 8, "icsd_id": 162672, "conventional_lattice": [[6.42137699, 0.0, 3.9319593884609825e-16], [-3.9319593884609825e-16, 6.42137699, 3.9319593884609825e-16], [0.0, 0.0, 11.923680466075108]], "volrat": 0.05312315390040406, "elements": ["Al", "Li", "Te"], "pretty_formula": "LiAlTe2", "volume": 245.8310117266908, "is_hubbard": false, "formation_energy_per_atom": -0.7134748624999996, "cif": "# generated using pymatgen\ndata_LiAlTe2\n_symmetry_space_group_name_H-M   'P 1'\n_cell_length_a   6.42137699\n_cell_length_b   6.42137699\n_cell_length_c   7.49403631\n_cell_angle_alpha   115.36812192\n_cell_angle_beta   115.36812189\n_cell_angle_gamma   90.00000000\n_symmetry_Int_Tables_number   1\n_chemical_formula_structural   LiAlTe2\n_chemical_formula_sum   'Li2 Al2 Te4'\n_cell_volume   245.831011727\n_cell_formula_units_Z   2\nloop_\n _symmetry_equiv_pos_site_id\n _symmetry_equiv_pos_as_xyz\n  1  'x, y, z'\nloop_\n _atom_site_type_symbol\n _atom_site_label\n _atom_site_symmetry_multiplicity\n _atom_site_fract_x\n _atom_site_fract_y\n _atom_site_fract_z\n _atom_site_occupancy\n  Li  Li1  1  0.750000  0.250000  0.500000  1\n  Li  Li2  1  0.500000  0.500000  0.000000  1\n  Al  Al3  1  0.250000  0.750000  0.500000  1\n  Al  Al4  1  0.000000  0.000000  0.000000  1\n  Te  Te5  1  0.892860  0.875000  0.250000  1\n  Te  Te6  1  0.625000  0.107140  0.750000  1\n  Te  Te7  1  0.125000  0.642860  0.750000  1\n  Te  Te8  1  0.357140  0.375000  0.250000  1\n", "task_id": "mp-4586", "nelements": 3, "e_above_hull": 0, "is_compatible": true, "coord": 4.698958180069592, "potcar": null, "lengths_and_angles": [[6.42137699, 6.42137699, 11.923680466075108], [90.0, 90.0, 90.0]], "dos": {"GGA": {"oid": "5456f82e8250f42f9125caa7", "fs_id": "5244cc9ffca0f03e4750c707", "task_id": "mp-659788"}}}, {"energy": -34.69412114, "elasticity": {"elastic_tensor": [[82.0, 24.0, 39.0, -0.0, 0.0, 0.0], [24.0, 82.0, 39.0, -0.0, 0.0, 0.0], [39.0, 39.0, 61.0, 0.0, 0.0, 0.0], [-0.0, -0.0, 0.0, 31.0, 0.0, 0.0], [0.0, 0.0, 0.0, 0.0, 31.0, -0.0], [0.0, 0.0, 0.0, 0.0, -0.0, 13.0]], "compliance_tensor": [[17.6, 0.3, -11.3, 0.0, 0.0, 0.0], [0.3, 17.6, -11.3, 0.0, 0.0, 0.0], [-11.3, -11.3, 30.7, -0.0, 0.0, 0.0], [0.0, 0.0, -0.0, 32.3, 0.0, 0.0], [0.0, 0.0, 0.0, 0.0, 32.3, 0.0], [0.0, 0.0, 0.0, 0.0, 0.0, 76.7]], "G_Voigt_Reuss_Hill": 21.0, "G_Reuss": 19.0, "elastic_tensor_original": [[81.7747764651826, 22.77385407662087, 39.488744105489495, 0.0, 0.0, 0.0], [24.65077790579934, 81.2299880894172, 39.488744105489495, 0.0, 0.0, 0.0], [38.98076543616952, 37.62976416615165, 61.36632951032167, 0.0, 0.0, 0.0], [0.0, 0.0, 0.0, 30.91074561, 0.0, 0.0], [0.0, 0.0, 0.0, 0.0, 30.932938946666667, 0.0], [0.0, 0.0, 0.0, 0.0, 0.0, 13.037011600000007]], "K_Voigt_Reuss_Hill": 47.0, "K_Reuss": 47.0, "universal_anisotropy": 1.0, "K_VRH": 47.0, "elastic_tensor_orig_symmetrized": [[81.5023822772999, 23.712315991210104, 38.89700445332504, 1.451960593950303e-15, 4.990581578938965e-15, -3.0485340465889953e-15], [23.712315991210104, 81.5023822772999, 38.89700445332504, 4.990581578938965e-15, 1.4519605939503026e-15, -4.9905815789389636e-15], [38.89700445332504, 38.89700445332504, 61.3663295103217, 6.168588116999265e-15, 6.168588116999265e-15, -2.3817546000092427e-15], [1.451960593950303e-15, 4.990581578938965e-15, 6.168588116999265e-15, 30.92184227833335, -1.8934167584950105e-15, 7.982867263193461e-16], [4.990581578938965e-15, 1.4519605939503026e-15, 6.168588116999265e-15, -1.8934167584950105e-15, 30.921842278333347, 7.982867263193462e-16], [-3.0485340465889953e-15, -4.9905815789389636e-15, -2.3817546000092427e-15, 7.982867263193461e-16, 7.982867263193462e-16, 13.037011600000012]], "state": "successful", "G_VRH": 21.0, "homogeneous_poisson": 0.31, "K_Voigt": 47.0, "warnings": null, "poisson_ratio": 0.31, "G_Voigt": 23.0, "elastic_anisotropy": 1.0}, "unit_cell_formula": {"Au": 2.0, "Sn": 4.0, "Li": 4.0}, "hubbards": {}, "energy_per_atom": -3.469412114, "band_gap": 0.0, "density": 6.962122767415101, "incar": null, "kpoints": null, "nsites": 10, "icsd_id": 55349, "conventional_lattice": [[4.631743535, 0.0, 2.836124947304598e-16], [-2.836124947304598e-16, 4.631743535, 2.836124947304598e-16], [0.0, 0.0, 19.9350189995146]], "volrat": 0.16113934641113176, "elements": ["Au", "Li", "Sn"], "pretty_formula": "Li2Sn2Au", "volume": 213.83346164745757, "is_hubbard": false, "formation_energy_per_atom": -0.44719881400000006, "cif": "# generated using pymatgen\ndata_Li2Sn2Au\n_symmetry_space_group_name_H-M   'P 1'\n_cell_length_a   4.63174353\n_cell_length_b   4.63174354\n_cell_length_c   10.49179535\n_cell_angle_alpha   102.75201252\n_cell_angle_beta   102.75201254\n_cell_angle_gamma   90.00000005\n_symmetry_Int_Tables_number   1\n_chemical_formula_structural   Li2Sn2Au\n_chemical_formula_sum   'Li4 Sn4 Au2'\n_cell_volume   213.833461647\n_cell_formula_units_Z   2\nloop_\n _symmetry_equiv_pos_site_id\n _symmetry_equiv_pos_as_xyz\n  1  'x, y, z'\nloop_\n _atom_site_type_symbol\n _atom_site_label\n _atom_site_symmetry_multiplicity\n _atom_site_fract_x\n _atom_site_fract_y\n _atom_site_fract_z\n _atom_site_occupancy\n  Li  Li1  1  0.300610  0.550610  0.101219  1\n  Li  Li2  1  0.050610  0.800610  0.601219  1\n  Li  Li3  1  0.699390  0.449390  0.898781  1\n  Li  Li4  1  0.949390  0.199390  0.398781  1\n  Sn  Sn5  1  0.202268  0.952268  0.904536  1\n  Sn  Sn6  1  0.452268  0.702268  0.404536  1\n  Sn  Sn7  1  0.797732  0.047732  0.095464  1\n  Sn  Sn8  1  0.547732  0.297732  0.595464  1\n  Au  Au9  1  0.875000  0.625000  0.250000  1\n  Au  Au10  1  0.125000  0.375000  0.750000  1\n", "task_id": "mp-31496", "nelements": 3, "e_above_hull": 0, "is_compatible": true, "coord": 8.221627818099083, "potcar": null, "lengths_and_angles": [[4.631743535, 4.631743535, 19.9350189995146], [90.0, 90.0, 90.0]], "dos": {"GGA": {"oid": "56b4acde9ce3864e78b9f163", "fs_id": "54c73a28d4a0d435b859705e", "task_id": "mp-920500"}}}, {"energy": -30.33691447, "elasticity": {"elastic_tensor": [[103.0, 6.0, 45.0, 0.0, 0.0, 0.0], [6.0, 103.0, 45.0, 0.0, 0.0, 0.0], [45.0, 45.0, 99.0, 0.0, 0.0, 0.0], [0.0, 0.0, 0.0, 20.0, 0.0, 0.0], [0.0, 0.0, 0.0, 0.0, 20.0, 0.0], [0.0, 0.0, 0.0, 0.0, 0.0, 54.0]], "compliance_tensor": [[12.5, 2.2, -6.7, 0.0, 0.0, 0.0], [2.2, 12.5, -6.7, 0.