[{"energy": -97.28626681, "elasticity": {"elastic_tensor": [[167.0, 93.0, 68.0, -14.0, 24.0, -9.0], [93.0, 169.0, 77.0, 33.0, -13.0, -19.0], [68.0, 77.0, 238.0, -11.0, -5.0, -19.0], [-14.0, 33.0, -11.0, 43.0, 3.0, 2.0], [24.0, -13.0, -5.0, 3.0, 48.0, -4.0], [-9.0, -19.0, -19.0, 2.0, -4.0, 84.0]], "compliance_tensor": [[17.3, -14.5, 0.1, 17.7, -13.7, -2.6], [-14.5, 21.6, -3.3, -23.1, 14.4, 4.0], [0.1, -3.3, 5.4, 3.9, -0.6, 0.3], [17.7, -23.1, 3.9, 48.7, -17.9, -4.6], [-13.7, 14.4, -0.6, -17.9, 32.6, 3.8], [-2.6, 4.0, 0.3, -4.6, 3.8, 13.0]], "G_Voigt_Reuss_Hill": 43.0, "G_Reuss": 28.0, "elastic_tensor_original": [[237.894214862892, 67.31539119284969, 79.56044962879601, 17.215159103333335, -2.5969082961538454, 9.263699666666673], [65.86844845502762, 161.4315998739511, 84.98461083241425, -5.836891876666667, -18.057063141025637, -25.27569156428572], [77.86272008574973, 85.25214308652035, 190.39566452308748, 30.461411933333338, 24.861313433333333, 3.777817159523811], [18.9122875465576, -6.286718400134017, 31.054660506809725, 75.35399027333334, -8.709270653846156, -7.7760056547619065], [-0.7453888898124962, -23.301937756700173, 26.31921584078596, -9.027125003333337, 46.79989209230769, -4.858506428571431], [14.150370474241113, -26.26999707659151, 6.158820431385088, -9.609574660000002, -2.484975711538461, 45.247706704761924]], "K_Voigt_Reuss_Hill": 114.0, "K_Reuss": 112.0, "universal_anisotropy": 5.22, "K_VRH": 114.0, "elastic_tensor_orig_symmetrized": [[237.894214862892, 66.59191982393865, 78.71158485727287, 18.063723324945467, -1.6711485929831709, 11.707035070453893], [66.59191982393865, 161.4315998739511, 85.1183769594673, -6.0618051384003415, -20.679500448862903, -25.772844320438615], [78.71158485727287, 85.1183769594673, 190.39566452308748, 30.75803622007153, 25.590264637059647, 4.968318795454449], [18.063723324945467, -6.0618051384003415, 30.75803622007153, 75.35399027333334, -8.868197828589746, -8.692790157380955], [-1.6711485929831709, -20.679500448862903, 25.590264637059647, -8.868197828589746, 46.79989209230769, -3.6717410700549458], [11.707035070453893, -25.772844320438615, 4.968318795454449, -8.692790157380955, -3.6717410700549458, 45.247706704761924]], "state": "successful", "G_VRH": 43.0, "homogeneous_poisson": 0.33, "K_Voigt": 117.0, "warnings": null, "poisson_ratio": 0.33, "G_Voigt": 57.0, "elastic_anisotropy": 5.22}, "unit_cell_formula": {"Ni": 5.0, "O": 10.0, "Li": 5.0}, "hubbards": {"Ni": 6.2, "O": 0.0, "Li": 0.0}, "energy_per_atom": -4.8643133405, "band_gap": 0.0, "density": 4.679101972809385, "incar": null, "kpoints": null, "nsites": 20, "icsd_id": null, "conventional_lattice": [[4.99209716, 0.0, 0.0], [-1.5791547755522901, 5.59511447850324, 0.0], [-0.8646143313436735, -1.762792713054034, 6.202432862496039]], "volrat": 0.09123495087907121, "elements": ["Li", "Ni", "O"], "pretty_formula": "LiNiO2", "volume": 173.24235454141666, "is_hubbard": true, "formation_energy_per_atom": -1.3671964386250004, "cif": "# generated using pymatgen\ndata_LiNiO2\n_symmetry_space_group_name_H-M   'P 1'\n_cell_length_a   4.99209716\n_cell_length_b   5.81369382\n_cell_length_c   6.50577970\n_cell_angle_alpha   102.98356875\n_cell_angle_beta   97.63717086\n_cell_angle_gamma   105.76109109\n_symmetry_Int_Tables_number   1\n_chemical_formula_structural   LiNiO2\n_chemical_formula_sum   'Li5 Ni5 O10'\n_cell_volume   173.242354541\n_cell_formula_units_Z   5\nloop_\n _symmetry_equiv_pos_site_id\n _symmetry_equiv_pos_as_xyz\n  1  'x, y, z'\nloop_\n _atom_site_type_symbol\n _atom_site_label\n _atom_site_symmetry_multiplicity\n _atom_site_fract_x\n _atom_site_fract_y\n _atom_site_fract_z\n _atom_site_occupancy\n  Li  Li1  1  0.200042  0.400004  0.399937  1\n  Li  Li2  1  0.401582  0.799326  0.796987  1\n  Li  Li3  1  0.595230  0.195322  0.197090  1\n  Li  Li4  1  0.804763  0.604720  0.602921  1\n  Li  Li5  1  0.998495  0.000749  0.003109  1\n  Ni  Ni6  1  0.601270  0.702277  0.199464  1\n  Ni  Ni7  1  0.798658  0.097675  0.600482  1\n  Ni  Ni8  1  0.001467  0.501133  -0.000162  1\n  Ni  Ni9  1  0.199930  0.899969  0.399879  1\n  Ni  Ni10  1  0.398562  0.298898  0.800243  1\n  O  O11  1  0.105262  0.950772  0.676875  1\n  O  O12  1  0.109806  0.438805  0.719096  1\n  O  O13  1  0.294815  0.849296  0.123119  1\n  O  O14  1  0.290178  0.361228  0.081091  1\n  O  O15  1  0.484734  0.762626  0.489866  1\n  O  O16  1  0.478060  0.224368  0.504689  1\n  O  O17  1  0.712621  0.633551  0.904177  1\n  O  O18  1  0.687280  0.166276  0.895792  1\n  O  O19  1  0.921916  0.575614  0.295234  1\n  O  O20  1  0.915265  0.037324  0.310068  1\n", "task_id": "mp-850062", "nelements": 3, "e_above_hull": 0.005944195750000603, "is_compatible": true, "coord": 6.253784242268295, "potcar": null, "lengths_and_angles": [[4.99209716, 5.813693819999999, 6.505779699999999], [102.98356875, 97.63717086000001, 105.76109109]], "dos": {"GGA+U": {"oid": "591107ed0750797fb3ec01c7", "fs_id": "54be898120cb9321718a93fd", "task_id": "mp-904128"}, "GGA": {"oid": "594cc392cbe9c049a96b93a1", "fs_id": "564b186a534bd95f1a0269e3", "task_id": "mp-985855"}}}, {"energy": -108.35703709, "elasticity": {"elastic_tensor": [[149.0, 36.0, 49.0, -9.0, -17.0, 0.0], [36.0, 170.0, 36.0, -1.0, 1.0, -7.0], [49.0, 36.0, 154.0, 10.0, 13.0, -5.0], [-9.0, -1.0, 10.0, 55.0, -4.0, 3.0], [-17.0, 1.0, 13.0, -4.0, 54.0, -6.0], [0.0, -7.0, -5.0, 3.0, -6.0, 47.0]], "compliance_tensor": [[8.4, -1.2, -2.9, 2.1, 3.4, -0.2], [-1.2, 6.4, -1.1, 0.1, -0.1, 0.9], [-2.9, -1.1, 8.1, -2.2, -2.9, 0.5], [2.1, 0.1, -2.2, 19.0, 2.4, -1.1], [3.4, -0.1, -2.9, 2.4, 20.6, 2.3], [-0.2, 0.9, 0.5, -1.1, 2.3, 21.7]], "G_Voigt_Reuss_Hill": 53.0, "G_Reuss": 51.0, "elastic_tensor_original": [[154.10395573829942, 36.65082573560533, 48.92366504468421, 5.432333396666668, 12.686626336666668, -10.193155416666665], [36.234857514751575, 170.21561071151515, 35.95263116514978, 7.565455010000003, 0.3349359333333335, 1.2434263166666666], [49.61601480381685, 36.55733022669256, 149.2834614209298, -0.21274991999999993, -16.866922680000002, 8.913293696153842], [5.011524057702186, 6.546429280135313, -0.11420041252268279, 47.16263294333336, 6.159054910000002, 3.0898367346153837], [13.321217354777417, 0.9088071902595521, -16.61482240214902, 6.31557968666667, 54.170997220000004, 3.9730078397435884], [-10.178917696112986, 1.1588007508957794, 8.613745888529401, 3.044159746666667, 3.6781129066666667, 55.48817611666664]], "K_Voigt_Reuss_Hill": 80.0, "K_Reuss": 79.0, "universal_anisotropy": 0.42, "K_VRH": 80.0, "elastic_tensor_orig_symmetrized": [[154.10395573829942, 36.44284162517845, 49.26983992425053, 5.221928727184427, 13.003921845722044, -10.186036556389826], [36.44284162517845, 170.21561071151515, 36.25498069592117, 7.055942145067657, 0.6218715617964428, 1.2011135337812218], [49.26983992425053, 36.25498069592117, 149.2834614209298, -0.16347516626134134, -16.74087254107451, 8.763519792341622], [5.221928727184427, 7.055942145067657, -0.16347516626134134, 47.16263294333336, 6.237317298333336, 3.066998240641025], [13.003921845722044, 0.6218715617964428, -16.74087254107451, 6.237317298333336, 54.170997220000004, 3.8255603732051275], [-10.186036556389826, 1.2011135337812218, 8.763519792341622, 3.066998240641025, 3.8255603732051275, 55.48817611666664]], "state": "successful", "G_VRH": 53.0, "homogeneous_poisson": 0.23, "K_Voigt": 80.0, "warnings": null, "poisson_ratio": 0.23, "G_Voigt": 55.0, "elastic_anisotropy": 0.42}, "unit_cell_formula": {"Si": 2.0, "O": 8.0, "Li": 8.0}, "hubbards": {}, "energy_per_atom": -6.019835393888889, "band_gap": 4.7841000000000005, "density": 2.319083201871588, "incar": null, "kpoints": null, "nsites": 18, "icsd_id": 98615, "conventional_lattice": [[5.06460719, 0.0, 0.0], [1.8706029266494335, 4.715035267024677, 0.0], [2.4731461971975244, 0.051515575702260875, 7.187196894631882]], "volrat": 0.07772446131048964, "elements": ["Li", "O", "Si"], "pretty_formula": "Li4SiO4", "volume": 171.6288350140865, "is_hubbard": false, "formation_energy_per_atom": -2.687197562222222, "cif": "# generated using pymatgen\ndata_Li4SiO4\n_symmetry_space_group_name_H-M   'P 1'\n_cell_length_a   5.06460719\n_cell_length_b   5.07254501\n_cell_length_c   7.60098054\n_cell_angle_alpha   82.74489934\n_cell_angle_beta   71.01188633\n_cell_angle_gamma   68.36021390\n_symmetry_Int_Tables_number   1\n_chemical_formula_structural   Li4SiO4\n_chemical_formula_sum   'Li8 Si2 O8'\n_cell_volume   171.628835014\n_cell_formula_units_Z   2\nloop_\n _symmetry_equiv_pos_site_id\n _symmetry_equiv_pos_as_xyz\n  1  'x, y, z'\nloop_\n _atom_site_type_symbol\n _atom_site_label\n _atom_site_symmetry_multiplicity\n _atom_site_fract_x\n _atom_site_fract_y\n _atom_site_fract_z\n _atom_site_occupancy\n  Li  Li1  1  0.761599  0.736389  0.006483  1\n  Li  Li2  1  0.238401  0.263611  0.993517  1\n  Li  Li3  1  0.510639  0.763130  0.443062  1\n  Li  Li4  1  0.489361  0.236871  0.556938  1\n  Li  Li5  1  0.076177  0.249435  0.408251  1\n  Li  Li6  1  0.923823  0.750565  0.591749  1\n  Li  Li7  1  0.611403  0.213914  0.192131  1\n  Li  Li8  1  0.388597  0.786086  0.807869  1\n  O  O9  1  0.636956  0.014835  0.806189  1\n  O  O10  1  0.363044  0.985165  0.193811  1\n  O  O11  1  0.299865  0.519617  0.373504  1\n  O  O12  1  0.700135  0.480383  0.626496  1\n  O  O13  1  0.820944  0.969623  0.367768  1\n  O  O14  1  0.179056  0.030377  0.632232  1\n  O  O15  1  0.150080  0.664677  0.048887  1\n  O  O16  1  0.849920  0.335323  0.951113  1\n  Si  Si17  1  0.841233  0.218559  0.763020  1\n  Si  Si18  1  0.158767  0.781441  0.236980  1\n", "task_id": "mp-11737", "nelements": 3, "e_above_hull": 0, "is_compatible": true, "coord": 5.76346248140695, "potcar": null, "lengths_and_angles": [[5.06460719, 5.07254501, 7.600980539999998], [82.74489934000002, 71.01188633, 68.3602139]], "dos": {"GGA": {"oid": "545700b28250f42f8b25ccd5", "fs_id": "52a6429d0c0fcf248ea1ed4a", "task_id": "mp-692538"}}}, {"energy": -331.1170347, "elasticity": {"elastic_tensor": [[105.0, 36.0, 27.0, -5.0, 2.0, 4.0], [36.0, 103.0, 50.0, 10.0, -4.0, 18.0], [27.0, 50.0, 188.0, 18.0, 9.0, 11.0], [-5.0, 10.0, 18.0, 71.0, 13.0, -3.0], [2.0, -4.0, 9.0, 13.0, 34.0, 2.0], [4.0, 18.0, 11.0, -3.0, 2.0, 20.0]], "compliance_tensor": [[11.1, -4.2, -0.7, 1.9, -1.7, 2.2], [-4.2, 14.9, -2.5, -3.0, 4.5, -11.7], [-0.7, -2.5, 6.3, -1.1, -1.5, -1.3], [1.9, -3.0, -1.1, 16.4, -6.6, 6.3], [-1.7, 4.5, -1.5, -6.6, 32.9, -6.9], [2.2, -11.7, -1.3, 6.3, -6.9, 61.8]], "G_Voigt_Reuss_Hill": 37.0, "G_Reuss": 30.0, "elastic_tensor_original": [[188.48878730272256, 50.92867493612861, 24.93505077498945, -9.41582956666667, 8.238293333333333, -18.57812174666667], [51.06789966185759, 106.98666819491662, 34.80409318552592, -15.446784050000003, -4.312688390000001, -9.429049990000001], [26.39088779039649, 34.16042869771365, 103.81495335423763, -6.1190214266666665, 2.1248877866666676, 4.481440786666666], [-10.319172389641855, -15.837920667171282, -6.45842833019066, 18.66507337, -2.387705473333334, -4.304364526666669], [7.778494451102969, -4.7713626803349305, 1.6175692050732255, -2.6551093366666674, 32.94302621, -10.339266263333336], [-18.54319758821907, -8.388740484984796, 3.3083758732107165, -4.1517723, -10.285316723333331, 72.70752341333332]], "K_Voigt_Reuss_Hill": 63.0, "K_Reuss": 57.0, "universal_anisotropy": 2.45, "K_VRH": 63.0, "elastic_tensor_orig_symmetrized": [[188.48878730272247, 50.99828729899308, 25.662969282692963, -9.867500978154258, 8.008393892218153, -18.560659667442863], [50.99828729899308, 106.98666819491658, 34.48226094161978, -15.642352358585637, -4.542025535167462, -8.908895237492397], [25.662969282692963, 34.48226094161978, 103.81495335423763, -6.2887248784286625, 1.871228495869952, 3.8949083299386897], [-9.867500978154258, -15.642352358585637, -6.2887248784286625, 18.665073369999998, -2.521407405000001, -4.228068413333332], [8.008393892218153, -4.542025535167462, 1.871228495869952, -2.521407405000001, 32.94302620999999, -10.31229149333333], [-18.560659667442863, -8.908895237492397, 3.8949083299386897, -4.228068413333332, -10.31229149333333, 72.70752341333329]], "state": "successful", "G_VRH": 37.0, "homogeneous_poisson": 0.25, "K_Voigt": 69.0, "warnings": null, "poisson_ratio": 0.25, "G_Voigt": 44.0, "elastic_anisotropy": 2.45}, "unit_cell_formula": {"B": 14.0, "O": 24.0, "Li": 6.0}, "hubbards": {}, "energy_per_atom": -7.525387152272727, "band_gap": 5.6047, "density": 2.222017393202542, "incar": null, "kpoints": null, "nsites": 44, "icsd_id": 68475, "conventional_lattice": [[6.56194878, 0.0, 0.0], [-1.263850689741202, 7.889472916777662, 0.0], [-2.194483267248495, -0.5512300407063007, 8.32886367362159]], "volrat": 0.05864698341617441, "elements": ["B", "Li", "O"], "pretty_formula": "Li3B7O12", "volume": 431.18791445445896, "is_hubbard": false, "formation_energy_per_atom": -2.8310640650757573, "cif": "# generated using pymatgen\ndata_Li3B7O12\n_symmetry_space_group_name_H-M   'P 1'\n_cell_length_a   6.56194878\n_cell_length_b   7.99006267\n_cell_length_c   8.63073470\n_cell_angle_alpha   91.30905387\n_cell_angle_beta   104.72996531\n_cell_angle_gamma   99.10114614\n_symmetry_Int_Tables_number   1\n_chemical_formula_structural   Li3B7O12\n_chemical_formula_sum   'Li6 B14 O24'\n_cell_volume   431.187914454\n_cell_formula_units_Z   2\nloop_\n _symmetry_equiv_pos_site_id\n _symmetry_equiv_pos_as_xyz\n  1  'x, y, z'\nloop_\n _atom_site_type_symbol\n _atom_site_label\n _atom_site_symmetry_multiplicity\n _atom_site_fract_x\n _atom_site_fract_y\n _atom_site_fract_z\n _atom_site_occupancy\n  Li  Li1  1  0.778688  0.196779  0.966854  1\n  Li  Li2  1  0.221312  0.803221  0.033146  1\n  Li  Li3  1  0.482657  0.922176  0.695750  1\n  Li  Li4  1  0.517343  0.077824  0.304250  1\n  Li  Li5  1  0.010904  0.305100  0.682672  1\n  Li  Li6  1  0.989096  0.694900  0.317328  1\n  B  B7  1  0.754466  0.870391  0.041398  1\n  B  B8  1  0.245534  0.129609  0.958602  1\n  B  B9  1  0.784671  0.859410  0.509386  1\n  B  B10  1  0.215329  0.140590  0.490614  1\n  B  B11  1  0.438015  0.273101  0.770955  1\n  B  B12  1  0.561985  0.726899  0.229045  1\n  B  B13  1  0.041563  0.707380  0.691029  1\n  B  B14  1  0.958437  0.292620  0.308971  1\n  B  B15  1  0.383189  0.571033  0.714417  1\n  B  B16  1  0.616811  0.428967  0.285583  1\n  B  B17  1  0.905285  0.959657  0.798684  1\n  B  B18  1  0.094715  0.040343  0.201316  1\n  B  B19  1  0.730580  0.495587  0.730776  1\n  B  B20  1  0.269420  0.504413  0.269224  1\n  O  O21  1  0.066770  0.467263  0.286224  1\n  O  O22  1  0.933230  0.532737  0.713776  1\n  O  O23  1  0.639967  0.861451  0.362482  1\n  O  O24  1  0.360033  0.138549  0.637518  1\n  O  O25  1  0.034848  0.826637  0.819770  1\n  O  O26  1  0.965152  0.173363  0.180230  1\n  O  O27  1  0.047243  0.130757  0.850157  1\n  O  O28  1  0.952757  0.869243  0.149843  1\n  O  O29  1  0.269056  0.701418  0.695173  1\n  O  O30  1  0.730944  0.298582  0.304827  1\n  O  O31  1  0.772271  0.966003  0.633479  1\n  O  O32  1  0.227729  0.033997  0.366521  1\n  O  O33  1  0.940408  0.759109  0.530157  1\n  O  O34  1  0.059592  0.240891  0.469843  1\n  O  O35  1  0.739596  0.941692  0.895149  1\n  O  O36  1  0.260404  0.058308  0.104851  1\n  O  O37  1  0.312356  0.411303  0.752222  1\n  O  O38  1  0.687644  0.588697  0.247778  1\n  O  O39  1  0.434155  0.194587  0.923628  1\n  O  O40  1  0.565845  0.805413  0.076372  1\n  O  O41  1  0.668110  0.338932  0.784117  1\n  O  O42  1  0.331890  0.661068  0.215883  1\n  O  O43  1  0.589088  0.609697  0.692563  1\n  O  O44  1  0.410912  0.390303  0.307437  1\n", "task_id": "mp-16828", "nelements": 3, "e_above_hull": 0, "is_compatible": true, "coord": 4.962815508047067, "potcar": null, "lengths_and_angles": [[6.56194878, 7.990062670000001, 8.630734699999996], [91.30905387, 104.72996531, 99.10114614]], "dos": {"GGA": {"oid": "591108c90750797f94ec0263", "fs_id": "52a705dec5981c7649a5a97c", "task_id": "mp-703046"}}}, {"energy": -90.55536205, "elasticity": {"elastic_tensor": [[52.0, 10.0, 13.0, 1.0, 1.0, 4.0], [10.0, 73.0, 26.0, -7.0, 3.0, -5.0], [13.0, 26.0, 69.0, -2.0, 7.0, -2.0], [1.0, -7.0, -2.0, 14.0, -1.0, -2.0], [1.0, 3.0, 7.0, -1.0, 7.0, -0.0], [4.0, -5.0, -2.0, -2.0, -0.0, 11.0]], "compliance_tensor": [[21.8, -3.2, -3.3, -5.6, 0.0, -11.4], [-3.2, 17.6, -5.5, 9.4, 0.2, 10.0], [-3.3, -5.5, 19.0, -0.1, -16.7, 2.0], [-5.6, 9.4, -0.1, 80.7, 7.5, 24.2], [0.0, 0.2, -16.7, 7.5, 164.5, 1.9], [-11.4, 10.0, 2.0, 24.2, 1.9, 103.0]], "G_Voigt_Reuss_Hill": 14.0, "G_Reuss": 11.0, "elastic_tensor_original": [[70.307297267616, 25.546619223741917, 12.169266163177843, -2.7021879452380952, -0.13956873, -2.6210067666666674], [26.561992654722385, 74.28481174838409, 9.975494134495513, -3.0958096380952385, 0.3787548, -5.066792133333337], [12.99194441102981, 9.15274565165573, 49.98866024496123, 3.2304454833333347, 5.309310206666667, 1.4717696333333337], [-1.2897986389636489, -4.449833701135442, 4.132003542955078, 12.01029713333334, 1.332317496666667, -3.1445541666666674], [0.8068815224052195, 0.30146631997695195, 5.032522072338365, 0.6880155380952384, 6.713118263333335, -1.2501394333333342], [-4.287630999965068, -7.344281234518078, 1.9062674645705173, -2.5848209333333343, 0.5317008833333333, 12.91595906666668]], "K_Voigt_Reuss_Hill": 31.0, "K_Reuss": 29.0, "universal_anisotropy": 2.23, "K_VRH": 31.0, "elastic_tensor_orig_symmetrized": [[70.307297267616, 26.05430593923215, 12.580605287103825, -1.995993292100872, 0.3336563962026098, -3.454318883315868], [26.05430593923215, 74.28481174838409, 9.56411989307562, -3.7728216696153405, 0.340110559988476, -6.2055366839257085], [12.580605287103825, 9.56411989307562, 49.98866024496123, 3.6812245131442065, 5.170916139502516, 1.6890185489519256], [-1.995993292100872, -3.7728216696153405, 3.6812245131442065, 12.01029713333334, 1.0101665173809526, -2.864687550000001], [0.3336563962026098, 0.340110559988476, 5.170916139502516, 1.0101665173809526, 6.713118263333335, -0.35921927500000045], [-3.454318883315868, -6.2055366839257085, 1.6890185489519256, -2.864687550000001, -0.35921927500000045, 12.91595906666668]], "state": "successful", "G_VRH": 14.0, "homogeneous_poisson": 0.31, "K_Voigt": 32.0, "warnings": null, "poisson_ratio": 0.31, "G_Voigt": 16.0, "elastic_anisotropy": 2.23}, "unit_cell_formula": {"P": 8.0, "V": 2.0, "Li": 14.0}, "hubbards": {}, "energy_per_atom": -3.773140085416667, "band_gap": 0.0, "density": 2.337604348665554, "incar": null, "kpoints": null, "nsites": 24, "icsd_id": null, "conventional_lattice": [[4.541897140090057, 0.0, 0.0], [-1.8746030613762181, -7.870260159460285, 0.0], [-2.1828337256090062, 0.17647915119496432, -8.879951457119693]], "volrat": 0.13133925061742466, "elements": ["Li", "P", "V"], "pretty_formula": "Li7VP4", "volume": 317.42197736216804, "is_hubbard": false, "formation_energy_per_atom": -0.101434549781746, "cif": "# generated using pymatgen\ndata_Li7VP4\n_symmetry_space_group_name_H-M   'P 1'\n_cell_length_a   38.20314506\n_cell_length_b   29.41373222\n_cell_length_c   15.22542886\n_cell_angle_alpha   29.25784159\n_cell_angle_beta   75.65745801\n_cell_angle_gamma   46.42837889\n_symmetry_Int_Tables_number   1\n_chemical_formula_structural   Li7VP4\n_chemical_formula_sum   'Li14 V2 P8'\n_cell_volume   317.421977362\n_cell_formula_units_Z   2\nloop_\n _symmetry_equiv_pos_site_id\n _symmetry_equiv_pos_as_xyz\n  1  'x, y, z'\nloop_\n _atom_site_type_symbol\n _atom_site_label\n _atom_site_symmetry_multiplicity\n _atom_site_fract_x\n _atom_site_fract_y\n _atom_site_fract_z\n _atom_site_occupancy\n  Li  Li1  1  -0.345966  0.108573  -0.303565  1\n  Li  Li2  1  0.141492  0.439889  -0.412051  1\n  Li  Li3  1  0.203746  -0.427118  0.184851  1\n  Li  Li4  1  -0.089787  -0.137860  0.241404  1\n  Li  Li5  1  0.769715  -0.412130  -0.040413  1\n  Li  Li6  1  0.515171  -0.296279  0.159750  1\n  Li  Li7  1  0.077953  0.565496  -0.213018  1\n  Li  Li8  1  0.479025  -0.025669  0.428570  1\n  Li  Li9  1  0.948116  -0.266153  0.696168  1\n  Li  Li10  1  0.220596  -0.503196  0.819913  1\n  Li  Li11  1  0.053598  -0.251585  -0.018304  1\n  Li  Li12  1  -0.275437  -0.596025  0.066877  1\n  Li  Li13  1  0.128086  0.087104  -0.117557  1\n  Li  Li14  1  0.446658  -0.158076  0.148447  1\n  V  V15  1  -0.674903  0.977501  -0.198001  1\n  V  V16  1  0.420923  0.407570  -0.984653  1\n  P  P17  1  0.173634  -0.397512  -0.483090  1\n  P  P18  1  0.098533  0.080029  0.040642  1\n  P  P19  1  0.020229  0.263266  -0.983762  1\n  P  P20  1  0.488571  -0.004342  -0.013257  1\n  P  P21  1  0.636238  -0.133809  -0.051863  1\n  P  P22  1  0.595670  -0.041374  0.005804  1\n  P  P23  1  0.149817  -0.576891  0.332186  1\n  P  P24  1  0.478188  -0.104169  0.299729  1\n", "task_id": "mp-675045", "nelements": 3, "e_above_hull": 0.59021295083333, "is_compatible": true, "coord": 7.470911102945893, "potcar": null, "lengths_and_angles": [[4.541897140090057, 8.09043457518253, 9.146007098470061], [87.90654549284126, 103.80777350146137, 103.39753795353823]], "dos": {"GGA": {"oid": "55244e6ff6b81d583423e65e", "fs_id": "5523271fb3b2fd4c689387ab", "task_id": "mp-946975"}}}, {"energy": -47.4252017, "elasticity": {"elastic_tensor": [[3.0, 3.0, 2.0, 0.0, -0.0, 0.0], [3.0, 30.0, 8.0, -0.0, -0.0, -2.0], [2.0, 8.0, 24.0, 0.0, -0.0, 0.0], [0.0, -0.0, 0.0, 10.0, -1.0, -0.0], [-0.0, -0.0, -0.0, -1.0, 1.0, 0.0], [0.0, -2.0, 0.0, -0.0, 0.0, 1.0]], "compliance_tensor": [[407.2, -44.4, -21.7, 18.2, 213.2, -128.8], [-44.4, 46.5, -11.6, -2.0, -32.8, 83.4], [-21.7, -11.6, 47.0, -0.3, 3.0, -19.3], [18.2, -2.0, -0.3, 118.5, 136.8, -22.7], [213.2, -32.8, 3.0, 136.8, 1269.3, -248.7], [-128.8, 83.4, -19.3, -22.7, -248.7, 885.0]], "G_Voigt_Reuss_Hill": 4.0, "G_Reuss": 2.0, "elastic_tensor_original": [[24.340884083102083, 1.7663009280822835, 7.614220666483766, 0.14940325333333335, -0.12482553666666647, -0.4205766866666667], [2.9227145446056833, 3.157253342574951, 2.2608000061749634, 0.08727993666666689, -0.02116702666666655, 0.4066844033333332], [8.436035871173235, 3.7227194709779705, 30.704623879265746, -1.5637211633333334, 0.24050064333333343, 0.14171085666666666], [0.3040903663916875, 0.29618874286332514, -1.4060063347143696, 1.2884123633333333, -0.2253369833333334, -0.22411097666666668], [-0.25201184555836753, -0.13696162071588286, -0.020900847132735056, -0.14228556333333336, 9.705407919999999, -0.6881877900000002], [-0.1408776317633223, 0.40701946416551343, 0.015269462684273583, -0.16129415999999996, -0.8813192866666668, 0.9770524166666669]], "K_Voigt_Reuss_Hill": 6.0, "K_Reuss": 3.0, "universal_anisotropy": 13.65, "K_VRH": 6.0, "elastic_tensor_orig_symmetrized": [[24.339713061272498, 2.3442556988577863, 8.02586668756675, 0.22593979084483287, -0.05736325143974199, 0.0025359696811638327], [2.3442556988577863, 3.157253342574951, 2.9917597385764667, 0.19173433976499601, -0.006276669703783541, -0.0006059213595970697], [8.02586668756675, 2.9917597385764667, 30.704623879265746, -1.4848637490238517, -0.06419427697646576, 0.002915316691089906], [0.22593979084483287, 0.19173433976499601, -1.4848637490238517, 1.2884123633333333, 0.0030256240863238554, -0.0027101402756254805], [-0.05736325143974199, -0.006276669703783541, -0.06419427697646576, 0.0030256240863238554, 9.70611235159507, -0.7850035202125081], [0.0025359696811638327, -0.0006059213595970697, 0.002915316691089906, -0.0027101402756254805, -0.7850035202125081, 0.9763095641160648]], "state": "filter_failed", "G_VRH": 4.0, "homogeneous_poisson": 0.26, "K_Voigt": 9.0, "warnings": ["Shear modulus (Reuss) is less than 2 GPa"], "poisson_ratio": 0.26, "G_Voigt": 5.0, "elastic_anisotropy": 13.65}, "unit_cell_formula": {"H": 8.0, "B": 2.0, "Li": 2.0}, "hubbards": {}, "energy_per_atom": -3.952100141666667, "band_gap": 5.6480999999999995, "density": 0.8591874698629667, "incar": null, "kpoints": null, "nsites": 12, "icsd_id": null, "conventional_lattice": [[4.072910527622434, 0.0, 0.0], [-0.0002642410022460822, 4.080363031443984, 0.0], [-0.010607478918767867, -0.019122624749062494, 5.066642826073275]], "volrat": 0.17242385249085543, "elements": ["B", "H", "Li"], "pretty_formula": "LiBH4", "volume": 84.20230181311236, "is_hubbard": false, "formation_energy_per_atom": -0.36104533852444415, "cif": "# generated using pymatgen\ndata_LiBH4\n_symmetry_space_group_name_H-M   'P 1'\n_cell_length_a   4.08036304\n_cell_length_b   7.69087859\n_cell_length_c   6.51741967\n_cell_angle_alpha   31.97681729\n_cell_angle_beta   51.02330048\n_cell_angle_gamma   57.79177255\n_symmetry_Int_Tables_number   1\n_chemical_formula_structural   LiBH4\n_chemical_formula_sum   'Li2 B2 H8'\n_cell_volume   84.2023018131\n_cell_formula_units_Z   2\nloop_\n _symmetry_equiv_pos_site_id\n _symmetry_equiv_pos_as_xyz\n  1  'x, y, z'\nloop_\n _atom_site_type_symbol\n _atom_site_label\n _atom_site_symmetry_multiplicity\n _atom_site_fract_x\n _atom_site_fract_y\n _atom_site_fract_z\n _atom_site_occupancy\n  Li  Li1  1  0.011347  0.991668  0.007500  1\n  Li  Li2  1  -0.005967  0.495239  0.003106  1\n  B  B3  1  0.498425  0.501138  0.496129  1\n  B  B4  1  0.503128  -0.004129  0.504017  1\n  H  H5  1  0.398352  0.000815  0.359679  1\n  H  H6  1  0.361305  0.239011  0.400113  1\n  H  H7  1  0.885644  0.999466  0.367595  1\n  H  H8  1  0.117995  0.499693  0.627748  1\n  H  H9  1  0.642136  0.254427  0.606502  1\n  H  H10  1  0.640424  0.748938  0.112053  1\n  H  H11  1  0.602570  0.500927  0.636172  1\n  H  H12  1  0.367333  0.743706  0.887091  1\n", "task_id": "mp-675926", "nelements": 3, "e_above_hull": 0.07146303166666668, "is_compatible": true, "coord": 8.481607063684887, "potcar": null, "lengths_and_angles": [[4.072910527622434, 4.08036304, 5.066690016212369], [90.21623760840444, 90.11995291114145, 90.00371042823033]], "dos": {"GGA": {"oid": "58a81efcc5981c52497daeb2", "fs_id": "52d376b81f74e02255c7ed02", "task_id": "mp-731036"}}}, {"energy": -52.93885188, "elasticity": {"elastic_tensor": [[98.0, 94.0, 60.0, 4.0, 8.0, 23.0], [94.0, 170.0, 52.0, 1.0, 7.0, 33.0], [60.0, 52.0, 265.0, -1.0, 4.0, 20.0], [4.0, 1.0, -1.0, 65.0, 34.0, 5.0], [8.0, 7.0, 4.0, 34.0, 59.0, 2.0], [23.0, 33.0, 20.0, 5.0, 2.0, 77.0]], "compliance_tensor": [[23.8, -11.9, -3.0, -0.4, -1.2, -1.3], [-11.9, 12.7, 0.4, 0.7, -0.4, -2.0], [-3.0, 0.4, 4.4, 0.4, -0.2, -0.4], [-0.4, 0.7, 0.4, 22.0, -12.4, -1.4], [-1.2, -0.4, -0.2, -12.4, 24.1, 0.8], [-1.3, -2.0, -0.4, -1.4, 0.8, 14.4]], "G_Voigt_Reuss_Hill": 50.0, "G_Reuss": 37.0, "elastic_tensor_original": [[265.44872292748425, 43.28192281823426, 70.542162697585, -14.689213493333336, 3.697570353333333, 1.97283375], [40.424328346103174, 146.42853451184365, 82.1206830384331, -9.814897860000004, 6.174701773333335, 3.4349291433333344], [69.71984269451006, 82.09253006704355, 145.5448608982578, -57.116544736666675, 10.197127993333332, -2.792208043333334], [-14.239650919863607, -9.711944340838105, -56.793115722699184, 65.35337889666668, -2.507319553333334, 3.3212565433333334], [3.43656147434172, 6.014562062813411, 9.712846359314252, -2.334226126666667, 77.59052669333336, -30.248384426666668], [2.164170594340417, 2.1299076952192184, -4.049829568108691, 3.1466873433333333, -29.496144369999996, 46.616202186666676]], "K_Voigt_Reuss_Hill": 95.0, "K_Reuss": 84.0, "universal_anisotropy": 3.6, "K_VRH": 95.0, "elastic_tensor_orig_symmetrized": [[265.44872292748425, 41.853125582168715, 70.13100269604753, -14.46443220659847, 3.5670659138375136, 2.068502172170212], [41.853125582168715, 146.42853451184365, 82.10660655273833, -9.763421100419055, 6.094631918073368, 2.7824184192762758], [70.13100269604753, 82.10660655273833, 145.5448608982578, -56.954830229682926, 9.954987176323783, -3.4210188057210096], [-14.46443220659847, -9.763421100419055, -56.954830229682926, 65.35337889666668, -2.420772839999998, 3.23397194333333], [3.5670659138375136, 6.094631918073368, 9.954987176323783, -2.420772839999998, 77.59052669333336, -29.872264398333332], [2.068502172170212, 2.7824184192762758, -3.4210188057210096, 3.23397194333333, -29.872264398333332, 46.616202186666676]], "state": "successful", "G_VRH": 50.0, "homogeneous_poisson": 0.28, "K_Voigt": 105.0, "warnings": null, "poisson_ratio": 0.28, "G_Voigt": 62.0, "elastic_anisotropy": 3.6}, "unit_cell_formula": {"Ni": 3.0, "O": 6.0, "Li": 2.0}, "hubbards": {"Ni": 6.2, "O": 0.0, "Li": 0.0}, "energy_per_atom": -4.812622898181818, "band_gap": 0.5394999999999999, "density": 4.647610724551607, "incar": null, "kpoints": null, "nsites": 11, "icsd_id": null, "conventional_lattice": [[-2.86555223, 0.0, 0.0], [-0.2549120284846642, -5.827375693920143, 0.0], [1.358579159403249, 1.7609286745766426, 6.118445956443255]], "volrat": 0.07310852612514376, "elements": ["Li", "Ni", "O"], "pretty_formula": "Li2(NiO2)3", "volume": 102.16978426920267, "is_hubbard": true, "formation_energy_per_atom": -1.1711186034090908, "cif": "# generated using pymatgen\ndata_Li2(NiO2)3\n_symmetry_space_group_name_H-M   'P 1'\n_cell_length_a   5.83294845\n_cell_length_b   2.86555223\n_cell_length_c   6.51014501\n_cell_angle_alpha   77.95461306\n_cell_angle_beta   106.22150649\n_cell_angle_gamma   92.50474294\n_symmetry_Int_Tables_number   1\n_chemical_formula_structural   Li2(NiO2)3\n_chemical_formula_sum   'Li2 Ni3 O6'\n_cell_volume   102.169784269\n_cell_formula_units_Z   1\nloop_\n _symmetry_equiv_pos_site_id\n _symmetry_equiv_pos_as_xyz\n  1  'x, y, z'\nloop_\n _atom_site_type_symbol\n _atom_site_label\n _atom_site_symmetry_multiplicity\n _atom_site_fract_x\n _atom_site_fract_y\n _atom_site_fract_z\n _atom_site_occupancy\n  Li  Li1  1  0.807718  0.338363  0.310602  1\n  Li  Li2  1  0.192256  0.661681  0.689349  1\n  Ni  Ni3  1  0.999990  -0.000002  0.000002  1\n  Ni  Ni4  1  0.332409  0.341545  0.331252  1\n  Ni  Ni5  1  0.667604  0.658441  0.668762  1\n  O  O6  1  0.215306  0.509235  0.017859  1\n  O  O7  1  0.085678  0.884663  0.307170  1\n  O  O8  1  0.424618  0.202913  0.640154  1\n  O  O9  1  0.575399  0.797062  0.359862  1\n  O  O10  1  0.914330  0.115339  0.692841  1\n  O  O11  1  0.784692  0.490761  0.982147  1\n", "task_id": "mp-762915", "nelements": 3, "e_above_hull": 0.01941962886362525, "is_compatible": true, "coord": 5.582958430132576, "potcar": null, "lengths_and_angles": [[2.86555223, 5.832948450000003, 6.5101450100000005], [106.22150649000001, 102.04538694, 87.49525706]], "dos": {"GGA+U": {"oid": "591105a40750797f79ebffb3", "fs_id": "548de69928243072983bd179", "task_id": "mp-894864"}, "GGA": {"oid": "5977cc65cbe9c049a97228b4", "fs_id": "548de63a726d306be1a561d4", "task_id": "mp-894837"}}}, {"energy": -68.48577089, "elasticity": {"elastic_tensor": [[92.0, 29.0, 21.0, -0.0, -2.0, 0.0], [29.0, 48.0, 29.0, -0.0, -5.0, 0.0], [21.0, 29.0, 81.0, -0.0, -6.0, 0.0], [-0.0, -0.0, -0.0, 54.0, 0.0, -0.0], [-2.0, -5.0, -6.0, 0.0, 14.0, -0.0], [0.0, 0.0, 0.0, -0.0, -0.0, 26.0]], "compliance_tensor": [[13.4, -7.7, -0.8, -0.0, -1.2, -0.0], [-7.7, 31.9, -9.2, 0.0, 5.6, -0.0], [-0.8, -9.2, 16.3, 0.0, 4.5, 0.0], [-0.0, 0.0, 0.0, 18.5, 0.0, 0.0], [-1.2, 5.6, 4.5, 0.0, 77.8, 0.0], [-0.0, -0.0, 0.0, 0.0, 0.0, 38.9]], "G_Voigt_Reuss_Hill": 24.0, "G_Reuss": 21.0, "elastic_tensor_original": [[47.58741089273883, 28.65624695476094, 28.021742792271848, -4.11356925, 0.3823531900000001, -1.6196050566666669], [29.899944911784942, 80.34139420825778, 21.84109925484173, -6.889803943333334, 0.17394397666666675, 0.9034127233333339], [29.546280838970347, 21.04978275434705, 92.28007676616839, -1.651166236666667, 0.0, 0.0], [-5.261911628547102, -6.622164227526233, -1.3189164776448177, 13.628888933333336, 0.1423886666666667, 0.0], [0.40466496215958786, 0.18272938294721844, 0.1494447972480112, 0.23078891333333337, 25.68369862666667, -0.41771801666666675], [-1.382900794433033, 1.2587997616513442, 0.0, 0.0, -0.14656351333333334, 54.027800240000005]], "K_Voigt_Reuss_Hill": 40.0, "K_Reuss": 38.0, "universal_anisotropy": 1.87, "K_VRH": 40.0, "elastic_tensor_orig_symmetrized": [[47.58741089273883, 29.278095933272944, 28.7840118156211, -4.687740439273551, 0.393509076079794, -1.50125292554985], [29.278095933272944, 80.34139420825778, 21.44544100459439, -6.755984085429784, 0.1783366798069426, 1.081106242492339], [28.7840118156211, 21.44544100459439, 92.28007676616839, -1.4850413571557421, 0.0747223986240056, -1.8044290431957e-17], [-4.687740439273551, -6.755984085429784, -1.4850413571557421, 13.628888933333336, 0.18658879000000003, 6.413545679817026e-18], [0.393509076079794, 0.1783366798069426, 0.0747223986240056, 0.18658879000000003, 25.68369862666667, -0.28214076499999996], [-1.50125292554985, 1.081106242492339, -1.8044290431957e-17, 6.413545679817026e-18, -0.28214076499999996, 54.027800240000005]], "state": "successful", "G_VRH": 24.0, "homogeneous_poisson": 0.25, "K_Voigt": 42.0, "warnings": null, "poisson_ratio": 0.25, "G_Voigt": 28.0, "elastic_anisotropy": 1.87}, "unit_cell_formula": {"V": 2.0, "Li": 2.0, "F": 8.0}, "hubbards": {"F": 0.0, "Li": 0.0, "V": 3.25}, "energy_per_atom": -5.707147574166666, "band_gap": 2.064, "density": 2.704959746568965, "incar": null, "kpoints": null, "nsites": 12, "icsd_id": null, "conventional_lattice": [[5.48008808, 0.0, 0.0], [-0.17392114638966308, 5.561942709814887, 0.0], [-2.710870348608707, -0.10119845674024512, 5.3927128059027885]], "volrat": 0.047740369767711455, "elements": ["F", "Li", "V"], "pretty_formula": "LiVF4", "volume": 164.36954093573112, "is_hubbard": true, "formation_energy_per_atom": -3.209346281626667, "cif": "# generated using pymatgen\ndata_LiVF4\n_symmetry_space_group_name_H-M   'P 1'\n_cell_length_a   5.56466129\n_cell_length_b   5.48008808\n_cell_length_c   6.06301570\n_cell_angle_alpha   117.17690177\n_cell_angle_beta   88.22594519\n_cell_angle_gamma   91.79104715\n_symmetry_Int_Tables_number   1\n_chemical_formula_structural   LiVF4\n_chemical_formula_sum   'Li2 V2 F8'\n_cell_volume   164.369540936\n_cell_formula_units_Z   2\nloop_\n _symmetry_equiv_pos_site_id\n _symmetry_equiv_pos_as_xyz\n  1  'x, y, z'\nloop_\n _atom_site_type_symbol\n _atom_site_label\n _atom_site_symmetry_multiplicity\n _atom_site_fract_x\n _atom_site_fract_y\n _atom_site_fract_z\n _atom_site_occupancy\n  Li  Li1  1  0.246769  0.520488  0.553615  1\n  Li  Li2  1  0.753217  0.479367  0.446356  1\n  V  V3  1  0.499983  0.500086  0.000090  1\n  V  V4  1  0.000017  0.000086  0.999972  1\n  F  F5  1  0.705725  0.825228  0.060757  1\n  F  F6  1  0.965377  0.775814  0.645382  1\n  F  F7  1  0.463088  0.619493  0.352717  1\n  F  F8  1  0.793164  0.313215  0.036729  1\n  F  F9  1  0.206789  0.686818  0.963224  1\n  F  F10  1  0.536967  0.380465  0.647243  1\n  F  F11  1  0.034588  0.224095  0.354633  1\n  F  F12  1  0.294321  0.174847  0.939287  1\n", "task_id": "mp-764360", "nelements": 3, "e_above_hull": 0.020708463333334315, "is_compatible": true, "coord": 4.423601060951424, "potcar": null, "lengths_and_angles": [[5.48008808, 5.56466129, 6.036589316953774], [90.15586732317317, 116.68423554642077, 91.79104715000001]], "dos": {"GGA+U": {"oid": "5911025f0750797866ec01b7", "fs_id": "53526663daaa330d69054eab", "task_id": "mp-800737"}, "GGA": {"oid": "5977cbaccbe9c049a97224c9", "fs_id": "54980bec67ce66565b989ee0", "task_id": "mp-897739"}}}, {"energy": -33.44364172, "elasticity": {"elastic_tensor": [[101.0, 59.0, 35.0, -1.0, -2.0, 0.0], [59.0, 224.0, 74.0, 3.0, -3.0, 45.0], [35.0, 74.0, 281.0, -3.0, -4.0, 13.0], [-1.0, 3.0, -3.0, 93.0, 24.0, 1.0], [-2.0, -3.0, -4.0, 24.0, 35.0, 2.0], [0.0, 45.0, 13.0, 1.0, 2.0, 48.0]], "compliance_tensor": [[12.2, -3.7, -0.7, 0.1, 0.1, 3.6], [-3.7, 7.1, -1.1, -0.5, 1.0, -6.4], [-0.7, -1.1, 3.9, 0.1, 0.2, -0.1], [0.1, -0.5, 0.1, 13.2, -9.2, 0.7], [0.1, 1.0, 0.2, -9.2, 34.9, -2.4], [3.6, -6.4, -0.1, 0.7, -2.4, 26.9]], "G_Voigt_Reuss_Hill": 54.0, "G_Reuss": 44.0, "elastic_tensor_original": [[281.0952819020151, 78.41767059790313, 32.0345171986658, 1.7468350633333334, -1.953193746666667, 3.874532916666668], [77.77228671383746, 258.80179145674873, 40.07362655947567, -3.7577940600000006, -2.4227937833333337, -2.6553801433333337], [29.125635300776533, 36.94023256171699, 106.64279925745439, 4.62208837666667, -2.4800856633333326, 2.010649716666667], [1.2537414016046142, -2.7853539358841255, 4.48276142309201, 27.866889720000003, -2.028446953333334, -0.12609314333333332], [-2.6136717588713667, -3.0704328170654165, -4.134664688261134, -2.0133032533333335, 26.40093445, -1.9069237233333336], [3.572855901360562, -2.4604124289800997, 1.2589106896773776, 0.0, -1.8951925400000005, 101.52206821000003]], "K_Voigt_Reuss_Hill": 93.0, "K_Reuss": 81.0, "universal_anisotropy": 2.59, "K_VRH": 93.0, "elastic_tensor_orig_symmetrized": [[281.0952819020151, 78.09497865587029, 30.580076249721166, 1.5002882324689721, -2.283432752769017, 3.723694409013615], [78.09497865587029, 258.80179145674873, 38.50692956059633, -3.2715739979420677, -2.746613300199375, -2.5578962861567165], [30.580076249721166, 38.50692956059633, 106.64279925745439, 4.552424899879334, -3.307375175797233, 1.6347802031720224], [1.5002882324689721, -3.2715739979420677, 4.552424899879334, 27.866889720000003, -2.020875103333333, -0.06304657166666659], [-2.283432752769017, -2.746613300199375, -3.307375175797233, -2.020875103333333, 26.40093445, -1.9010581316666686], [3.723694409013615, -2.5578962861567165, 1.6347802031720224, -0.06304657166666659, -1.9010581316666686, 101.52206821000003]], "state": "successful", "G_VRH": 54.0, "homogeneous_poisson": 0.26, "K_Voigt": 105.0, "warnings": null, "poisson_ratio": 0.26, "G_Voigt": 64.0, "elastic_anisotropy": 2.59}, "unit_cell_formula": {"Ni": 2.0, "O": 4.0, "Li": 1.0}, "hubbards": {"Ni": 6.2, "O": 0.0, "Li": 0.0}, "energy_per_atom": -4.777663102857143, "band_gap": 0.4230999999999998, "density": 4.668942850471594, "incar": null, "kpoints": null, "nsites": 7, "icsd_id": null, "conventional_lattice": [[2.83450247, 0.0, 0.0], [-0.1980667955232422, 4.881976363350866, 0.0], [-0.02417550885197522, -1.639139928392617, 4.840239898985437]], "volrat": 0.08946228977323607, "elements": ["Li", "Ni", "O"], "pretty_formula": "Li(NiO2)2", "volume": 66.97911422953193, "is_hubbard": true, "formation_energy_per_atom": -1.0536517264285723, "cif": "# generated using pymatgen\ndata_Li(NiO2)2\n_symmetry_space_group_name_H-M   'P 1'\n_cell_length_a   2.83450247\n_cell_length_b   5.74718797\n_cell_length_c   6.57933120\n_cell_angle_alpha   48.40723445\n_cell_angle_beta   117.68421487\n_cell_angle_gamma   121.84758098\n_symmetry_Int_Tables_number   1\n_chemical_formula_structural   Li(NiO2)2\n_chemical_formula_sum   'Li1 Ni2 O4'\n_cell_volume   66.9791142295\n_cell_formula_units_Z   1\nloop_\n _symmetry_equiv_pos_site_id\n _symmetry_equiv_pos_as_xyz\n  1  'x, y, z'\nloop_\n _atom_site_type_symbol\n _atom_site_label\n _atom_site_symmetry_multiplicity\n _atom_site_fract_x\n _atom_site_fract_y\n _atom_site_fract_z\n _atom_site_occupancy\n  Li  Li1  1  0.500000  0.500000  0.500000  1\n  Ni  Ni2  1  0.000000  0.500000  0.000000  1\n  Ni  Ni3  1  0.000000  0.000000  0.000000  1\n  O  O4  1  0.263673  0.977538  0.801285  1\n  O  O5  1  0.278844  0.458483  0.786992  1\n  O  O6  1  0.721156  0.541517  0.213008  1\n  O  O7  1  0.736327  0.022462  0.198715  1\n", "task_id": "mp-771532", "nelements": 3, "e_above_hull": 0.03254227607142557, "is_compatible": true, "coord": 6.192339899933628, "potcar": null, "lengths_and_angles": [[2.83450247, 4.885992598009681, 5.110311775206064], [108.6808282263407, 90.27105191471006, 92.32327447489038]], "dos": {"GGA+U": {"oid": "591104340750797f8eebfe6e", "fs_id": "54b3536cdf0c9b5ee4e86093", "task_id": "mp-900769"}, "GGA": {"oid": "5977cc7ecbe9c049a972295f", "fs_id": "5578d8aa8192f32b6e7bb048", "task_id": "mp-964661"}}}, {"energy": -77.64439351, "elasticity": {"elastic_tensor": [[190.0, 49.0, 34.0, 8.0, 12.0, -16.0], [49.0, 213.0, 74.0, -18.0, 17.0, 19.0], [34.0, 74.0, 273.0, 3.0, -2.0, 11.0], [8.0, -18.0, 3.0, 94.0, 13.0, 17.0], [12.0, 17.0, -2.0, 13.0, 55.0, 8.0], [-16.0, 19.0, 11.0, 17.0, 8.0, 62.0]], "compliance_tensor": [[6.1, -1.5, -0.5, -1.1, -1.0, 2.6], [-1.5, 6.0, -1.4, 2.0, -1.7, -2.3], [-0.5, -1.4, 4.1, -0.4, 0.8, -0.4], [-1.1, 2.0, -0.4, 12.2, -2.6, -3.9], [-1.0, -1.7, 0.8, -2.6, 19.8