[{"energy": -44.94478662, "elasticity": {"elastic_tensor": [[137.0, 54.0, 57.0, -5.0, 5.0, 0.0], [54.0, 137.0, 57.0, 5.0, -5.0, 0.0], [57.0, 57.0, 119.0, 0.0, -0.0, 0.0], [-5.0, 5.0, 0.0, 39.0, 0.0, -5.0], [5.0, -5.0, -0.0, 0.0, 39.0, -5.0], [0.0, 0.0, 0.0, -5.0, -5.0, 42.0]], "compliance_tensor": [[9.8, -2.6, -3.5, 1.7, -1.5, -0.0], [-2.6, 9.8, -3.5, -1.7, 1.5, -0.0], [-3.5, -3.5, 11.7, 0.0, 0.0, 0.0], [1.7, -1.7, -0.0, 26.2, -0.0, 3.1], [-1.5, 1.5, 0.0, -0.0, 26.2, 3.4], [-0.0, -0.0, 0.0, 3.1, 3.4, 24.9]], "G_Voigt_Reuss_Hill": 39.0, "G_Reuss": 38.0, "elastic_tensor_original": [[137.90376289948406, 53.719399800926254, 57.1786842247514, 5.4674992666666675, -4.872650173333334, 0.06563003999999989], [54.5928656980306, 137.2225840690149, 57.17868918457348, -5.379934083333333, 4.79437506, 0.05751754666666679], [56.02891717246603, 56.1625046111367, 118.9118762504964, -0.07770345333333337, 0.17470598000000004, -0.038901849999999995], [5.031440166749075, -5.456692639203919, 0.0, 39.38983165, -0.028632016666666572, 4.846253130000001], [-4.770835316176358, 5.0400853747447805, 0.0, 0.05808081666666673, 39.41280542666667, 5.324524153333335], [-0.2715663408143348, -0.01391427160722359, 0.0, 4.823566770000001, 5.518650176666667, 41.37398118333335]], "K_Voigt_Reuss_Hill": 81.0, "K_Reuss": 81.0, "universal_anisotropy": 0.16, "K_VRH": 81.0, "elastic_tensor_orig_symmetrized": [[137.3984038922234, 54.32090234150449, 56.63719879823189, 5.377739351994122, -4.852198215531809, -2.6020852139652106e-15], [54.32090234150449, 137.3984038922233, 56.63719879823189, -5.377739351994122, 4.852198215531809, -3.1502578323738817e-15], [56.63719879823189, 56.63719879823189, 118.91187625049639, 2.3129646346357427e-18, 0.0, -1.0943548505634524e-15], [5.377739351994122, -5.377739351994122, 2.3129646346357427e-18, 39.40131853833332, -1.186550857568136e-15, 4.852198215531809], [-4.852198215531809, 4.852198215531809, 0.0, -1.186550857568136e-15, 39.40131853833332, 5.377739351994123], [-2.6020852139652106e-15, -3.1502578323738817e-15, -1.0943548505634524e-15, 4.852198215531809, 5.377739351994123, 41.53875077535943]], "state": "successful", "G_VRH": 39.0, "homogeneous_poisson": 0.29, "K_Voigt": 81.0, "warnings": null, "poisson_ratio": 0.29, "G_Voigt": 39.0, "elastic_anisotropy": 0.16}, "unit_cell_formula": {"Ni": 2.0, "Li": 2.0, "F": 6.0}, "hubbards": {"Ni": 6.2, "F": 0.0, "Li": 0.0}, "energy_per_atom": -4.494478662000001, "band_gap": 4.8387, "density": 3.8064857506411105, "incar": null, "kpoints": null, "nsites": 10, "icsd_id": null, "conventional_lattice": [[2.5714794507494343, -4.453933059317331, 0.0], [2.5714794507494343, 4.453933059317331, 0.0], [0.0, 0.0, 14.013069533363154]], "volrat": 0.0587682494896408, "elements": ["F", "Li", "Ni"], "pretty_formula": "LiNiF3", "volume": 106.99172567428548, "is_hubbard": true, "formation_energy_per_atom": -2.5377502277140005, "cif": "# generated using pymatgen\ndata_LiNiF3\n_symmetry_space_group_name_H-M   'P 1'\n_cell_length_a   5.14262917\n_cell_length_b   5.14284562\n_cell_length_c   5.53524200\n_cell_angle_alpha   62.30863593\n_cell_angle_beta   89.99723602\n_cell_angle_gamma   60.00430693\n_symmetry_Int_Tables_number   1\n_chemical_formula_structural   LiNiF3\n_chemical_formula_sum   'Li2 Ni2 F6'\n_cell_volume   106.991725674\n_cell_formula_units_Z   2\nloop_\n _symmetry_equiv_pos_site_id\n _symmetry_equiv_pos_as_xyz\n  1  'x, y, z'\nloop_\n _atom_site_type_symbol\n _atom_site_label\n _atom_site_symmetry_multiplicity\n _atom_site_fract_x\n _atom_site_fract_y\n _atom_site_fract_z\n _atom_site_occupancy\n  Li  Li1  1  0.297408  0.405168  0.892248  1\n  Li  Li2  1  0.702591  0.594833  0.107754  1\n  Ni  Ni3  1  0.000000  0.999998  0.000004  1\n  Ni  Ni4  1  0.500001  0.999998  0.500002  1\n  F  F5  1  0.891696  0.837334  0.768120  1\n  F  F6  1  0.605439  0.502841  0.768129  1\n  F  F7  1  0.271014  0.123611  0.768132  1\n  F  F8  1  0.728985  0.876390  0.231866  1\n  F  F9  1  0.394562  0.497157  0.231871  1\n  F  F10  1  0.108304  0.162670  0.231879  1\n", "task_id": "mp-764362", "nelements": 3, "e_above_hull": 0.019663846499998527, "is_compatible": true, "coord": 4.968418318065248, "potcar": null, "lengths_and_angles": [[5.142958901498869, 5.142958901498869, 14.013069533363154], [90.0, 90.0, 120.00000000000001]], "dos": {"GGA+U": {"oid": "591105c00750797fa6ec0005", "fs_id": "5352600adaaa337c638c37cb", "task_id": "mp-800722"}, "GGA": {"oid": "591431bff569a73ffd0c7d64", "fs_id": "54980b9e67ce665541d59192", "task_id": "mp-897731"}}}, {"energy": -57.42552481, "elasticity": {"elastic_tensor": [[102.0, 43.0, 36.0, 6.0, 12.0, 0.0], [43.0, 102.0, 36.0, -6.0, -12.0, 0.0], [36.0, 36.0, 82.0, 0.0, 0.0, 0.0], [6.0, -6.0, 0.0, 11.0, 0.0, -12.0], [12.0, -12.0, 0.0, 0.0, 11.0, 6.0], [0.0, 0.0, 0.0, -12.0, 6.0, 30.0]], "compliance_tensor": [[24.6, -15.7, -4.0, -22.2, -45.5, -0.0], [-15.7, 24.6, -4.0, 22.2, 45.5, -0.0], [-4.0, -4.0, 15.7, -0.0, -0.0, 0.0], [-22.2, 22.2, 0.0, 219.0, -0.0, 90.9], [-45.5, 45.5, -0.0, -0.0, 219.0, -44.4], [-0.0, -0.0, 0.0, 90.9, -44.4, 80.6]], "G_Voigt_Reuss_Hill": 15.0, "G_Reuss": 8.0, "elastic_tensor_original": [[101.59993027646743, 42.922402090363335, 36.74951425035743, -6.50397919, 11.226055850000002, 0.03669206666666674], [42.789791995545144, 102.36090409313972, 36.74951405035855, 5.432132626666668, -12.83737829333334, 0.023972056666666155], [36.12675449945602, 36.28641547293804, 81.9138165173323, -0.24980185333333238, -0.6620064999999999, -0.047156726666666676], [-5.754284706323544, 6.776163362806102, 0.0, 10.814926383333336, 0.08223425000000001, -12.131406660000001], [12.413506584825491, -13.14676554806882, 0.0, 0.026558469999999813, 10.910631913333333, -5.822306283333336], [-0.19680612021557597, -0.2520066170377803, 0.0, -12.05071550666667, -5.860003870000002, 29.44366607333334]], "K_Voigt_Reuss_Hill": 57.0, "K_Reuss": 57.0, "universal_anisotropy": 8.75, "K_VRH": 57.0, "elastic_tensor_orig_symmetrized": [[101.92117018600793, 42.91534404174991, 36.47804956827752, -5.978897524057873, 12.248493826195126, -1.8093165854438098e-15], [42.91534404174991, 101.92117018600788, 36.4780495682775, 5.978897524057871, -12.248493826195126, -4.0679265511656126e-16], [36.47804956827752, 36.4780495682775, 81.91381651733225, 1.850371707708594e-17, -1.696174065399545e-17, 8.639403910376162e-16], [-5.978897524057873, 5.978897524057871, 1.850371707708594e-17, 10.862779148333335, 2.3765711620882257e-16, -12.248493826195126], [12.248493826195126, -12.248493826195126, -1.696174065399545e-17, 2.3765711620882257e-16, 10.862779148333336, -5.978897524057873], [-1.8093165854438098e-15, -4.0679265511656126e-16, 8.639403910376162e-16, -12.248493826195126, -5.978897524057873, 29.502913072129004]], "state": "successful", "G_VRH": 15.0, "homogeneous_poisson": 0.38, "K_Voigt": 57.0, "warnings": null, "poisson_ratio": 0.38, "G_Voigt": 22.0, "elastic_anisotropy": 8.75}, "unit_cell_formula": {"V": 2.0, "Li": 2.0, "F": 6.0}, "hubbards": {"F": 0.0, "Li": 0.0, "V": 3.25}, "energy_per_atom": -5.742552481, "band_gap": 2.5456000000000003, "density": 3.2265017284788042, "incar": null, "kpoints": null, "nsites": 10, "icsd_id": null, "conventional_lattice": [[2.6774296360847964, -4.6374441633895165, 0.0], [2.6774296360847964, 4.6374441633895165, 0.0], [0.0, 0.0, 14.284907202027824]], "volrat": 0.05939185150258699, "elements": ["F", "Li", "V"], "pretty_formula": "LiVF3", "volume": 118.2450368846213, "is_hubbard": true, "formation_energy_per_atom": -3.0293009567139997, "cif": "# generated using pymatgen\ndata_LiVF3\n_symmetry_space_group_name_H-M   'P 1'\n_cell_length_a   5.35485950\n_cell_length_b   5.67726605\n_cell_length_c   5.35485922\n_cell_angle_alpha   90.00000230\n_cell_angle_beta   59.99999610\n_cell_angle_gamma   61.86143815\n_symmetry_Int_Tables_number   1\n_chemical_formula_structural   LiVF3\n_chemical_formula_sum   'Li2 V2 F6'\n_cell_volume   118.245036885\n_cell_formula_units_Z   2\nloop_\n _symmetry_equiv_pos_site_id\n _symmetry_equiv_pos_as_xyz\n  1  'x, y, z'\nloop_\n _atom_site_type_symbol\n _atom_site_label\n _atom_site_symmetry_multiplicity\n _atom_site_fract_x\n _atom_site_fract_y\n _atom_site_fract_z\n _atom_site_occupancy\n  Li  Li1  1  0.722832  0.415752  0.138584  1\n  Li  Li2  1  0.277168  0.584248  0.861416  1\n  V  V3  1  0.311785  0.032323  0.344107  1\n  V  V4  1  0.688215  0.967677  0.655893  1\n  F  F5  1  0.504399  0.248722  0.057880  1\n  F  F6  1  0.188998  0.248722  0.753121  1\n  F  F7  1  0.190842  0.751278  0.562279  1\n  F  F8  1  0.809158  0.248722  0.437721  1\n  F  F9  1  0.811002  0.751278  0.246879  1\n  F  F10  1  0.495601  0.751278  0.942120  1\n", "task_id": "mp-765545", "nelements": 3, "e_above_hull": 0.04519478999999915, "is_compatible": true, "coord": 4.997109292860788, "potcar": null, "lengths_and_angles": [[5.354859272169593, 5.354859272169593, 14.284907202027824], [90.0, 90.0, 119.99999999999999]], "dos": {"GGA+U": {"oid": "591102900750797824ec01be", "fs_id": "53ac683aabaf97168044d544", "task_id": "mp-844018"}, "GGA": {"oid": "5976b100cbe9c049a9721097", "fs_id": "546dc680dfe56d02ee38bb6e", "task_id": "mp-877575"}}}]