[{"energy": -14.12982487, "elasticity": {"elastic_tensor": [[113.0, 15.0, 2.0, -18.0, 0.0, 0.0], [15.0, 113.0, 2.0, 18.0, 0.0, 0.0], [2.0, 2.0, 91.0, 0.0, 0.0, 0.0], [-18.0, 18.0, 0.0, 28.0, 0.0, 0.0], [0.0, 0.0, 0.0, 0.0, 28.0, -18.0], [0.0, 0.0, 0.0, 0.0, -18.0, 49.0]], "compliance_tensor": [[10.7, -2.9, -0.2, 9.1, 0.0, 0.0], [-2.9, 10.7, -0.2, -9.1, 0.0, 0.0], [-0.2, -0.2, 11.0, -0.0, 0.0, 0.0], [9.1, -9.1, -0.0, 48.5, 0.0, 0.0], [0.0, 0.0, 0.0, 0.0, 48.5, 18.3], [0.0, 0.0, 0.0, 0.0, 18.3, 27.3]], "G_Voigt_Reuss_Hill": 35.0, "G_Reuss": 29.0, "elastic_tensor_original": [[113.87686043033533, 14.68884456844933, 2.1796483389030996, 18.101904726666668, 0.0, 0.24371574666666587], [14.933085529318925, 114.27874751272049, 2.1796475588324884, -17.824016636666666, 0.0, -0.1717384266666663], [2.2743049020849297, 2.232457516526473, 90.97422376389153, 0.07155985333333334, 0.0, -0.0731705500000002], [18.80999491272866, -19.076274506455945, 0.0, 27.551600786666672, 0.0, 0.4115531833333337], [0.0, 0.0, 0.0, 0.0, 27.53546285333334, 18.674245946666673], [0.0, 0.0, 0.0, 0.0, 18.145153456666662, 48.342184936666676]], "K_Voigt_Reuss_Hill": 39.0, "K_Reuss": 39.0, "universal_anisotropy": 2.02, "K_VRH": 39.0, "elastic_tensor_orig_symmetrized": [[113.43218670920034, 15.456582311211738, 2.216514579086748, 18.43137369864808, 9.25185853854297e-18, 8.480870326997724e-16], [15.456582311211738, 113.43218670920021, 2.2165145790867458, -18.43137369864807, 2.451742512713887e-16, 8.187894806610529e-16], [2.216514579086748, 2.2165145790867458, 90.97422376389154, 0.0, 0.0, 1.4936578991882332e-17], [18.43137369864808, -18.43137369864807, 0.0, 27.54353181999998, 2.0209528495129803e-16, 2.5365512159838647e-16], [9.25185853854297e-18, 2.451742512713887e-16, 0.0, 2.0209528495129803e-16, 27.543531820000016, 18.431373698648073], [8.480870326997724e-16, 8.187894806610529e-16, 1.4936578991882332e-17, 2.5365512159838647e-16, 18.431373698648073, 48.98780219899428]], "state": "successful", "G_VRH": 35.0, "homogeneous_poisson": 0.16, "K_Voigt": 40.0, "warnings": null, "poisson_ratio": 0.16, "G_Voigt": 41.0, "elastic_anisotropy": 2.02}, "unit_cell_formula": {"Al": 2.0, "Li": 3.0}, "hubbards": {}, "energy_per_atom": -2.825964974, "band_gap": 0.24270000000000014, "density": 1.5386203358775934, "incar": null, "kpoints": null, "nsites": 5, "icsd_id": 57951, "conventional_lattice": [[2.2218268376756978, -3.8483169684743967, 0.0], [2.2218268376756978, 3.8483169684743967, 0.0], [0.0, 0.0, 14.159520946084166]], "volrat": 0.24040683702274795, "elements": ["Al", "Li"], "pretty_formula": "Li3Al2", "volume": 80.71204379908208, "is_hubbard": false, "formation_energy_per_atom": -0.18145292600000004, "cif": "# generated using pymatgen\ndata_Li3Al2\n_symmetry_space_group_name_H-M   'P 1'\n_cell_length_a   5.37204913\n_cell_length_b   5.37204914\n_cell_length_c   5.37204914\n_cell_angle_alpha   48.86113109\n_cell_angle_beta   48.86113103\n_cell_angle_gamma   48.86113103\n_symmetry_Int_Tables_number   1\n_chemical_formula_structural   Li3Al2\n_chemical_formula_sum   'Li3 Al2'\n_cell_volume   80.7120437991\n_cell_formula_units_Z   1\nloop_\n _symmetry_equiv_pos_site_id\n _symmetry_equiv_pos_as_xyz\n  1  'x, y, z'\nloop_\n _atom_site_type_symbol\n _atom_site_label\n _atom_site_symmetry_multiplicity\n _atom_site_fract_x\n _atom_site_fract_y\n _atom_site_fract_z\n _atom_site_occupancy\n  Li  Li1  1  0.597216  0.597216  0.597216  1\n  Li  Li2  1  0.402784  0.402784  0.402784  1\n  Li  Li3  1  0.000000  0.000000  0.000000  1\n  Al  Al4  1  0.198260  0.198260  0.198260  1\n  Al  Al5  1  0.801740  0.801740  0.801740  1\n", "task_id": "mp-16506", "nelements": 2, "e_above_hull": 0, "is_compatible": true, "coord": 9.846943886252378, "potcar": null, "lengths_and_angles": [[4.4436536753513955, 4.4436536753513955, 14.159520946084166], [90.0, 90.0, 119.99999999999999]], "dos": null}, {"energy": -11.2740114, "elasticity": {"elastic_tensor": [[29.0, 18.0, 5.0, -0.0, 0.0, 0.0], [18.0, 29.0, 5.0, 0.0, 0.0, 0.0], [5.0, 5.0, 43.0, 0.0, 0.0, 0.0], [-0.0, 0.0, 0.0, 6.0, 0.0, 0.0], [0.0, 0.0, 0.0, 0.0, 6.0, -0.0], [0.0, 0.0, 0.0, 0.0, -0.0, 5.0]], "compliance_tensor": [[59.3, -37.6, -2.4, 4.7, 0.0, 0.0], [-37.6, 59.3, -2.4, -4.7, 0.0, 0.0], [-2.4, -2.4, 24.1, -0.0, 0.0, 0.0], [4.7, -4.7, -0.0, 178.0, 0.0, 0.0], [0.0, 0.0, 0.0, 0.0, 178.0, 9.4], [0.0, 0.0, 0.0, 0.0, 9.4, 193.6]], "G_Voigt_Reuss_Hill": 7.0, "G_Reuss": 6.0, "elastic_tensor_original": [[28.602725752517713, 18.178169171923454, 4.962628395165289, 0.6264759900000001, -0.0013478400000002052, -0.01800440000000053], [18.662536755180795, 28.8232191570423, 4.962628355240513, -0.3425633766666667, 0.0, 0.005828923333333395], [4.360400654221329, 4.7185268247866246, 42.51199254946702, -0.30267290333333347, 0.0, 0.009207309999999967], [0.19618198580133245, 0.10315207419458006, 0.0, 5.724837333333335, 0.0, 0.2508333833333333], [0.0, 0.0, 0.0, 0.0, 5.537854460000001, 0.16588919333333338], [0.0, 0.0, 0.0, 0.0, 0.40148355, 5.208993330000002]], "K_Voigt_Reuss_Hill": 17.0, "K_Reuss": 17.0, "universal_anisotropy": 1.45, "K_VRH": 17.0, "elastic_tensor_orig_symmetrized": [[28.744314246973026, 18.389011171359083, 4.751046057353436, 0.27460184561751055, 1.5419764230904951e-18, -4.3483735131151963e-16], [18.389011171359083, 28.744314246973016, 4.751046057353436, -0.27460184561751055, -4.625929269271485e-18, -3.203456018970504e-16], [4.751046057353436, 4.751046057353436, 42.51199254946699, 2.3129646346357427e-18, 0.0, -7.401859889290639e-17], [0.27460184561751055, -0.27460184561751055, 2.3129646346357427e-18, 5.631345896666664, -9.71445146547012e-17, -3.2766998990673026e-18], [1.5419764230904951e-18, -4.625929269271485e-18, 0.0, -9.71445146547012e-17, 5.631345896666667, 0.2746018456175106], [-4.3483735131151963e-16, -3.203456018970504e-16, -7.401859889290639e-17, -3.2766998990673026e-18, 0.2746018456175106, 5.177651537806968]], "state": "successful", "G_VRH": 7.0, "homogeneous_poisson": 0.32, "K_Voigt": 17.0, "warnings": null, "poisson_ratio": 0.32, "G_Voigt": 8.0, "elastic_anisotropy": 1.45}, "unit_cell_formula": {"Mg": 1.0, "Li": 5.0}, "hubbards": {}, "energy_per_atom": -1.8790018999999998, "band_gap": 0.09739999999999993, "density": 0.8141975724721109, "incar": null, "kpoints": null, "nsites": 6, "icsd_id": null, "conventional_lattice": [[2.6362230449999995, -4.566072254023934, 0.0], [2.6362230449999995, 4.566072254023934, 0.0], [0.0, 0.0, 14.997215574919398]], "volrat": 0.36997969840239864, "elements": ["Li", "Mg"], "pretty_formula": "Li5Mg", "volume": 120.3496608700174, "is_hubbard": false, "formation_energy_per_atom": -0.022689744166666397, "cif": "# generated using pymatgen\ndata_Li5Mg\n_symmetry_space_group_name_H-M   'P 1'\n_cell_length_a   5.27243676\n_cell_length_b   5.27245542\n_cell_length_c   5.85294825\n_cell_angle_alpha   116.77014667\n_cell_angle_beta   63.23010384\n_cell_angle_gamma   119.99987119\n_symmetry_Int_Tables_number   1\n_chemical_formula_structural   Li5Mg\n_chemical_formula_sum   'Li5 Mg1'\n_cell_volume   120.34966087\n_cell_formula_units_Z   1\nloop_\n _symmetry_equiv_pos_site_id\n _symmetry_equiv_pos_as_xyz\n  1  'x, y, z'\nloop_\n _atom_site_type_symbol\n _atom_site_label\n _atom_site_symmetry_multiplicity\n _atom_site_fract_x\n _atom_site_fract_y\n _atom_site_fract_z\n _atom_site_occupancy\n  Li  Li1  1  0.000738  1.000000  0.000000  1\n  Li  Li2  1  0.665929  0.332593  0.999999  1\n  Li  Li3  1  0.333334  0.667407  0.000001  1\n  Li  Li4  1  0.500081  0.833250  0.499758  1\n  Li  Li5  1  0.166589  0.166751  0.500243  1\n  Mg  Mg6  1  0.833325  0.500000  0.500000  1\n", "task_id": "mp-981935", "nelements": 2, "e_above_hull": 0, "is_compatible": true, "coord": 11.858895381865711, "potcar": null, "lengths_and_angles": [[5.272446089999999, 5.272446089999999, 14.997215574919398], [90.0, 90.0, 119.99999999999999]], "dos": null}, {"energy": -20.33418428, "elasticity": {"elastic_tensor": [[73.0, 13.0, 0.0, 13.0, 0.0, 0.0], [13.0, 73.0, 0.0, -13.0, 0.0, 0.0], [0.0, 0.0, 105.0, -0.0, 0.0, 0.0], [13.0, -13.0, -0.0, 17.0, 0.0, 0.0], [0.0, 0.0, 0.0, 0.0, 17.0, 13.0], [0.0, 0.0, 0.0, 0.0, 13.0, 30.0]], "compliance_tensor": [[17.9, -6.3, -0.0, -18.3, 0.0, 0.0], [-6.3, 17.9, -0.0, 18.3, 0.0, 0.0], [-0.0, -0.0, 9.5, 0.0, 0.0, 0.0], [-18.3, 18.3, 0.0, 86.3, 0.0, 0.0], [0.0, 0.0, 0.0, 0.0, 86.3, -36.6], [0.0, 0.0, 0.0, 0.0, -36.6, 48.5]], "G_Voigt_Reuss_Hill": 23.0, "G_Reuss": 17.0, "elastic_tensor_original": [[73.7011041000646, 12.946017722725344, -0.6746810229192445, -12.781662336666672, 0.0, -0.022367883333333588], [12.824775388363472, 73.1350223442995, -0.6746806832211553, 12.700221633333337, 0.0, 0.05138680333333365], [0.516431825145982, 1.0217302637422687, 104.88373743882715, -0.11706253333333337, 0.0, -0.008504656666666667], [-12.952521808489866, 13.03238288279632, 0.0, 17.047869600000002, 0.0, 0.020849669999999994], [0.0, 0.0, 0.0, 0.0, 17.001733153333337, -12.832700143333335], [0.0, 0.0, 0.0, 0.0, -12.775384326666668, 30.335222633333345]], "K_Voigt_Reuss_Hill": 31.0, "K_Reuss": 31.0, "universal_anisotropy": 3.36, "K_VRH": 31.0, "elastic_tensor_orig_symmetrized": [[73.45250787218934, 12.85095190553714, 0.04720009568696293, -12.835369700160776, 6.499430623326438e-16, -3.1645211142874687e-15], [12.85095190553714, 73.4525078721893, 0.04720009568696265, 12.835369700160776, 4.689535796723968e-16, -2.494917852560421e-15], [0.04720009568696293, 0.04720009568696265, 104.88373743882718, -1.927470528863119e-19, -1.1564823173178713e-18, -4.0162008372330134e-19], [-12.835369700160776, 12.835369700160776, -1.927470528863119e-19, 17.024801376666655, -5.48172618408671e-16, 3.9633612749747885e-16], [6.499430623326438e-16, 4.689535796723968e-16, -1.1564823173178713e-18, -5.48172618408671e-16, 17.024801376666673, -12.835369700160772], [-3.1645211142874687e-15, -2.494917852560421e-15, -4.0162008372330134e-19, 3.9633612749747885e-16, -12.835369700160772, 30.300777983326093]], "state": "successful", "G_VRH": 23.0, "homogeneous_poisson": 0.2, "K_Voigt": 31.0, "warnings": null, "poisson_ratio": 0.2, "G_Voigt": 29.0, "elastic_anisotropy": 3.36}, "unit_cell_formula": {"Sn": 2.0, "Li": 5.0}, "hubbards": {}, "energy_per_atom": -2.904883468571428, "band_gap": 0.1448999999999998, "density": 3.5558166161371147, "incar": null, "kpoints": null, "nsites": 7, "icsd_id": null, "conventional_lattice": [[2.3578636066781415, -4.08393956408414, 0.0], [2.3578636066781415, 4.08393956408414, 0.0], [0.0, 0.0, 19.795725319169627]], "volrat": 0.21242058807795103, "elements": ["Li", "Sn"], "pretty_formula": "Li5Sn2", "volume": 127.08027512623009, "is_hubbard": false, "formation_energy_per_atom": -0.3958250742857139, "cif": "# generated using pymatgen\ndata_Li5Sn2\n_symmetry_space_group_name_H-M   'P 1'\n_cell_length_a   7.13819920\n_cell_length_b   7.13819920\n_cell_length_c   7.13819920\n_cell_angle_alpha   38.57595045\n_cell_angle_beta   38.57595046\n_cell_angle_gamma   38.57595046\n_symmetry_Int_Tables_number   1\n_chemical_formula_structural   Li5Sn2\n_chemical_formula_sum   'Li5 Sn2'\n_cell_volume   127.080275126\n_cell_formula_units_Z   1\nloop_\n _symmetry_equiv_pos_site_id\n _symmetry_equiv_pos_as_xyz\n  1  'x, y, z'\nloop_\n _atom_site_type_symbol\n _atom_site_label\n _atom_site_symmetry_multiplicity\n _atom_site_fract_x\n _atom_site_fract_y\n _atom_site_fract_z\n _atom_site_occupancy\n  Li  Li1  1  0.500000  0.500000  0.500000  1\n  Li  Li2  1  0.353561  0.353561  0.353561  1\n  Li  Li3  1  0.646439  0.646439  0.646439  1\n  Li  Li4  1  0.213654  0.213654  0.213654  1\n  Li  Li5  1  0.786346  0.786346  0.786346  1\n  Sn  Sn6  1  0.073603  0.073603  0.073603  1\n  Sn  Sn7  1  0.926397  0.926397  0.926397  1\n", "task_id": "mp-30766", "nelements": 2, "e_above_hull": 0.005118278095239681, "is_compatible": true, "coord": 9.320789335569552, "potcar": null, "lengths_and_angles": [[4.715727213356282, 4.715727213356282, 19.795725319169627], [90.0, 90.0, 120.00000000000001]], "dos": null}, {"energy": -52.12949081, "elasticity": {"elastic_tensor": [[74.0, 16.0, -4.0, -13.0, -0.0, 0.0], [16.0, 74.0, -4.0, 13.0, 0.0, 0.0], [-4.0, -4.0, 103.0, -0.0, -0.0, -0.0], [-13.0, 13.0, -0.0, 19.0, 0.0, 0.0], [-0.0, 0.0, -0.0, 0.0, 19.0, -13.0], [0.0, 0.0, -0.0, 0.0, -13.0, 29.0]], "compliance_tensor": [[18.2, -7.0, 0.4, 17.6, -0.0, -0.0], [-7.0, 18.2, 0.4, -17.6, -0.0, -0.0], [0.4, 0.4, 9.8, -0.0, 0.0, -0.0], [17.6, -17.6, -0.0, 76.9, -0.0, -0.0], [0.0, -0.0, 0.0, -0.0, 76.9, 35.3], [-0.0, -0.0, -0.0, -0.0, 35.3, 50.3]], "G_Voigt_Reuss_Hill": 24.0, "G_Reuss": 18.0, "elastic_tensor_original": [[74.46310840854038, 15.145778171297835, -3.330252117181845, 13.45274753666667, 0.0, 0.0], [15.501460267836038, 74.32530050600984, -3.330250377491631, -13.370899600000005, 0.0, 0.0], [-4.14896924214802, -4.470134847316491, 102.77780528144557, 0.08174055333333333, 0.0, 0.0], [13.36156837272794, -13.52658506393405, 0.0, 19.128156190000006, 0.0, 0.0], [0.0, 0.0, 0.0, 0.0, 19.177579006666665, 13.444989580000001], [0.0, 0.0, 0.0, 0.0, 13.411456776666668, 29.039546223333346]], "K_Voigt_Reuss_Hill": 30.0, "K_Reuss": 30.0, "universal_anisotropy": 3.14, "K_VRH": 30.0, "elastic_tensor_orig_symmetrized": [[74.14633125951475, 15.571492417327306, -3.8199016460344963, 13.428086660832752, 2.4054832200211723e-16, 8.187894806610529e-16], [15.571492417327306, 74.14633125951475, -3.8199016460344977, -13.428086660832749, 5.782411586589356e-17, 8.187894806610529e-16], [-3.8199016460344963, -3.8199016460344977, 102.77780528144557, 0.0, 0.0, -4.1698779072099035e-17], [13.428086660832752, -13.428086660832749, 0.0, 19.15286759833334, 2.1279274638648835e-16, 5.825779673488776e-17], [2.4054832200211723e-16, 5.782411586589356e-17, 0.0, 2.1279274638648835e-16, 19.152867598333337, 13.42808666083275], [8.187894806610529e-16, 8.187894806610529e-16, -4.1698779072099035e-17, 5.825779673488776e-17, 13.42808666083275, 29.287419421093713]], "state": "successful", "G_VRH": 24.0, "homogeneous_poisson": 0.18, "K_Voigt": 30.0, "warnings": null, "poisson_ratio": 0.18, "G_Voigt": 30.0, "elastic_anisotropy": 3.14}, "unit_cell_formula": {"Sn": 5.0, "Li": 13.0}, "hubbards": {}, "energy_per_atom": -2.8960828227777777, "band_gap": 0.0, "density": 3.4840846135344132, "incar": null, "kpoints": null, "nsites": 18, "icsd_id": null, "conventional_lattice": [[2.3462642750000002, -4.063848932283757, 0.0], [2.3462642750000002, 4.063848932283757, 0.0], [0.0, 0.0, 17.08969006]], "volrat": 0.22413907031296249, "elements": ["Li", "Sn"], "pretty_formula": "Li13Sn5", "volume": 325.8957261276995, "is_hubbard": false, "formation_energy_per_atom": -0.40369672888888847, "cif": "# generated using pymatgen\ndata_Li13Sn5\n_symmetry_space_group_name_H-M   'P 1'\n_cell_length_a   4.69252855\n_cell_length_b   4.69252855\n_cell_length_c   17.08969006\n_cell_angle_alpha   90.00000000\n_cell_angle_beta   90.00000000\n_cell_angle_gamma   120.00000007\n_symmetry_Int_Tables_number   1\n_chemical_formula_structural   Li13Sn5\n_chemical_formula_sum   'Li13 Sn5'\n_cell_volume   325.895726128\n_cell_formula_units_Z   1\nloop_\n _symmetry_equiv_pos_site_id\n _symmetry_equiv_pos_as_xyz\n  1  'x, y, z'\nloop_\n _atom_site_type_symbol\n _atom_site_label\n _atom_site_symmetry_multiplicity\n _atom_site_fract_x\n _atom_site_fract_y\n _atom_site_fract_z\n _atom_site_occupancy\n  Li  Li1  1  0.000000  0.000000  0.500000  1\n  Li  Li2  1  0.000000  0.000000  0.671641  1\n  Li  Li3  1  0.000000  0.000000  0.328359  1\n  Li  Li4  1  0.000000  0.000000  0.836472  1\n  Li  Li5  1  0.000000  0.000000  0.163528  1\n  Li  Li6  1  0.333333  0.666667  0.946695  1\n  Li  Li7  1  0.666667  0.333333  0.053305  1\n  Li  Li8  1  0.333333  0.666667  0.446228  1\n  Li  Li9  1  0.666667  0.333333  0.553772  1\n  Li  Li10  1  0.333333  0.666667  0.283718  1\n  Li  Li11  1  0.666667  0.333333  0.716282  1\n  Li  Li12  1  0.333333  0.666667  0.112039  1\n  Li  Li13  1  0.666667  0.333333  0.887961  1\n  Sn  Sn14  1  0.000000  0.000000  0.000000  1\n  Sn  Sn15  1  0.333333  0.666667  0.778273  1\n  Sn  Sn16  1  0.666667  0.333333  0.221727  1\n  Sn  Sn17  1  0.333333  0.666667  0.608037  1\n  Sn  Sn18  1  0.666667  0.333333  0.391963  1\n", "task_id": "mp-30769", "nelements": 2, "e_above_hull": 0, "is_compatible": true, "coord": 9.546412172359982, "potcar": null, "lengths_and_angles": [[4.6925285500000005, 4.6925285500000005, 17.08969006], [90.0, 90.0, 120.00000000000001]], "dos": {"GGA": {"oid": "59110bea0750790d70ebff91", "fs_id": "57db1a316a42414cedf0fdac", "task_id": "mp-1008079"}}}, {"energy": -29.96145655, "elasticity": {"elastic_tensor": [[86.0, 23.0, 15.0, 3.0, 0.0, 0.0], [23.0, 86.0, 15.0, -3.0, -0.0, 0.0], [15.0, 15.0, 83.0, 0.0, -0.0, 0.0], [3.0, -3.0, 0.0, 32.0, 0.0, -0.0], [0.0, -0.0, -0.0, 0.0, 32.0, 3.0], [0.0, 0.0, 0.0, -0.0, 3.0, 32.0]], "compliance_tensor": [[12.7, -3.1, -1.7, -1.4, 0.0, -0.0], [-3.1, 12.7, -1.7, 1.4, 0.0, -0.0], [-1.7, -1.7, 12.7, -0.0, 0.0, 0.0], [-1.4, 1.4, -0.0, 31.8, -0.0, 0.0], [0.0, 0.0, 0.0, -0.0, 31.8, -2.8], [-0.0, -0.0, 0.0, 0.0, -2.8, 31.6]], "G_Voigt_Reuss_Hill": 32.0, "G_Reuss": 32.0, "elastic_tensor_original": [[86.99762455483709, 22.432226363658256, 14.903031035500465, -2.851425046666667, 0.0, 0.0], [22.736441901489357, 85.7898545166338, 14.903036575319305, 2.77915662, 0.0, 0.0], [14.63142524570803, 14.370620785751232, 82.70005000249394, 0.0, 0.0, 0.0], [-2.890773216325665, 2.9356245118949187, 0.0, 31.72790648000001, 0.0, 0.0], [0.0, 0.0, 0.0, 0.0, 31.73074389000001, -2.8690872333333344], [0.0, 0.0, 0.0, 0.0, -2.810413976666667, 31.893883296666672]], "K_Voigt_Reuss_Hill": 40.0, "K_Reuss": 40.0, "universal_anisotropy": 0.05, "K_VRH": 40.0, "elastic_tensor_orig_symmetrized": [[86.3883298332784, 22.589743835030873, 14.702028410569765, -2.8519977268609074, -9.25185853854297e-18, 6.846375318521799e-16], [22.589743835030873, 86.38832983327835, 14.702028410569756, 2.8519977268609056, -3.5028765189385843e-17, 6.800116025829084e-16], [14.702028410569765, 14.702028410569756, 82.70005000249395, 0.0, 0.0, 1.1643230189662887e-16], [-2.8519977268609074, 2.8519977268609056, 0.0, 31.729325185, 2.495833401061631e-16, -3.5417270967859814e-17], [-9.25185853854297e-18, -3.5028765189385843e-17, 0.0, 2.495833401061631e-16, 31.72932518500001, -2.851997726860907], [6.846375318521799e-16, 6.800116025829084e-16, 1.1643230189662887e-16, -3.5417270967859814e-17, -2.851997726860907, 31.899292999123745]], "state": "successful", "G_VRH": 32.0, "homogeneous_poisson": 0.18, "K_Voigt": 40.0, "warnings": null, "poisson_ratio": 0.18, "G_Voigt": 33.0, "elastic_anisotropy": 0.05}, "unit_cell_formula": {"H": 6.0, "Mg": 2.0, "Li": 2.0}, "hubbards": {}, "energy_per_atom": -2.9961456550000003, "band_gap": 4.0494, "density": 1.2044740733194241, "incar": null, "kpoints": null, "nsites": 10, "icsd_id": 159173, "conventional_lattice": [[2.4792553074074712, -4.294196157364535, 0.0], [2.4792553074074712, 4.294196157364535, 0.0], [0.0, 0.0, 13.313172230386627]], "volrat": 0.06438782212875942, "elements": ["H", "Li", "Mg"], "pretty_formula": "LiMgH3", "volume": 94.49164774271195, "is_hubbard": false, "formation_energy_per_atom": -0.3518135351719998, "cif": "# generated using pymatgen\ndata_LiMgH3\n_symmetry_space_group_name_H-M   'P 1'\n_cell_length_a   5.28100409\n_cell_length_b   5.28100408\n_cell_length_c   5.28100409\n_cell_angle_alpha   55.99936267\n_cell_angle_beta   55.99936272\n_cell_angle_gamma   55.99936268\n_symmetry_Int_Tables_number   1\n_chemical_formula_structural   LiMgH3\n_chemical_formula_sum   'Li2 Mg2 H6'\n_cell_volume   94.4916477427\n_cell_formula_units_Z   2\nloop_\n _symmetry_equiv_pos_site_id\n _symmetry_equiv_pos_as_xyz\n  1  'x, y, z'\nloop_\n _atom_site_type_symbol\n _atom_site_label\n _atom_site_symmetry_multiplicity\n _atom_site_fract_x\n _atom_site_fract_y\n _atom_site_fract_z\n _atom_site_occupancy\n  H  H1  1  0.101527  0.700549  0.389600  1\n  H  H2  1  0.700549  0.389600  0.101527  1\n  H  H3  1  0.389600  0.101527  0.700549  1\n  H  H4  1  0.889600  0.200549  0.601527  1\n  H  H5  1  0.601527  0.889600  0.200549  1\n  H  H6  1  0.200549  0.601527  0.889600  1\n  Li  Li7  1  0.288937  0.288937  0.288937  1\n  Li  Li8  1  0.788937  0.788937  0.788937  1\n  Mg  Mg9  1  0.999186  0.999186  0.999186  1\n  Mg  Mg10  1  0.499186  0.499186  0.499186  1\n", "task_id": "mp-23736", "nelements": 3, "e_above_hull": 0.008867852000001175, "is_compatible": true, "coord": 5.220021686187386, "potcar": null, "lengths_and_angles": [[4.958510614814942, 4.958510614814942, 13.313172230386627], [90.0, 90.0, 119.99999999999999]], "dos": {"GGA": {"oid": "5456f7c88250f42fa725ca8f", "fs_id": "52448f9e85cf1001a6cb91ac", "task_id": "mp-659574"}}}, {"energy": -28.83677353, "elasticity": {"elastic_tensor": [[73.0, 20.0, 14.0, 0.0, 0.0, 0.0], [20.0, 73.0, 14.0, 0.0, 0.0, 0.0], [14.0, 14.0, 58.0, 0.0, 0.0, 0.0], [0.0, 0.0, 0.0, 26.0, 0.0, 0.0], [0.0, 0.0, 0.0, 0.0, 26.0, 0.0], [0.0, 0.0, 0.0, 0.0, 0.0, 26.0]], "compliance_tensor": [[15.3, -3.6, -2.8, 0.0, 0.0, -0.0], [-3.6, 15.3, -2.8, 0.0, 0.0, -0.0], [-2.8, -2.8, 18.6, 0.0, 0.0, 0.0], [0.0, 0.0, 0.0, 38.2, -0.0, 0.0], [0.0, 0.0, 0.0, -0.0, 38.2, 0.0], [-0.0, -0.0, 0.0, 0.0, 0.0, 37.8]], "G_Voigt_Reuss_Hill": 26.0, "G_Reuss": 26.0, "elastic_tensor_original": [[72.68911079622697, 19.547044144276743, 13.907877862612057, 0.0, 0.0, 0.0], [19.645110306829572, 72.8234776647383, 13.907882962433371, 0.0, 0.0, 0.0], [13.947992818215425, 13.750637015466815, 57.844780764283314, -0.054896160000000166, 0.0, 0.058208806666666904], [0.0, 0.0, 0.0, 26.193012913333344, 0.0, 0.0], [0.0, 0.0, 0.0, 0.0, 26.205989066666667, 0.0], [0.0, 0.0, 0.0, 0.0, 0.0, 26.294288966666667]], "K_Voigt_Reuss_Hill": 33.0, "K_Reuss": 32.0, "universal_anisotropy": 0.04, "K_VRH": 33.0, "elastic_tensor_orig_symmetrized": [[72.6133844625836, 19.73898699345219, 13.878597664681912, 0.0, 0.0, 2.4216739724636227e-15], [19.73898699345219, 72.61338446258357, 13.878597664681909, 0.0, 0.0, 1.3785269222429026e-15], [13.878597664681912, 13.878597664681909, 57.84478076428329, 8.673617379884035e-19, 0.0, 3.627162369149997e-16], [0.0, 0.0, 8.673617379884035e-19, 26.19950098999999, 5.689893001203927e-16, 0.0], [0.0, 0.0, 0.0, 5.689893001203927e-16, 26.19950099, 0.0], [2.4216739724636227e-15, 1.3785269222429026e-15, 3.627162369149997e-16, 0.0, 0.0, 26.437198734565698]], "state": "successful", "G_VRH": 26.0, "homogeneous_poisson": 0.19, "K_Voigt": 33.0, "warnings": null, "poisson_ratio": 0.19, "G_Voigt": 26.0, "elastic_anisotropy": 0.04}, "unit_cell_formula": {"Ca": 3.0, "Sn": 3.0, "Li": 3.0}, "hubbards": {}, "energy_per_atom": -3.2040859477777777, "band_gap": 0.0, "density": 3.6347665023851086, "incar": null, "kpoints": null, "nsites": 9, "icsd_id": 58911, "conventional_lattice": [[2.462803475, -4.265700747757187, 0.0], [2.462803475, 4.265700747757187, 0.0], [0.0, 0.0, 10.81041007]], "volrat": 0.1290162523608321, "elements": ["Ca", "Li", "Sn"], "pretty_formula": "LiCaSn", "volume": 227.13931251800497, "is_hubbard": false, "formation_energy_per_atom": -0.565045574444444, "cif": "# generated using pymatgen\ndata_LiCaSn\n_symmetry_space_group_name_H-M   'P 1'\n_cell_length_a   4.92560695\n_cell_length_b   4.92560695\n_cell_length_c   10.81041007\n_cell_angle_alpha   90.00000000\n_cell_angle_beta   90.00000000\n_cell_angle_gamma   119.99999994\n_symmetry_Int_Tables_number   1\n_chemical_formula_structural   LiCaSn\n_chemical_formula_sum   'Li3 Ca3 Sn3'\n_cell_volume   227.139312518\n_cell_formula_units_Z   3\nloop_\n _symmetry_equiv_pos_site_id\n _symmetry_equiv_pos_as_xyz\n  1  'x, y, z'\nloop_\n _atom_site_type_symbol\n _atom_site_label\n _atom_site_symmetry_multiplicity\n _atom_site_fract_x\n _atom_site_fract_y\n _atom_site_fract_z\n _atom_site_occupancy\n  Li  Li1  1  0.333333  0.666667  0.799422  1\n  Li  Li2  1  0.666667  0.333333  0.487202  1\n  Li  Li3  1  0.333333  0.666667  0.194488  1\n  Ca  Ca4  1  0.000000  0.000000  0.328062  1\n  Ca  Ca5  1  0.000000  0.000000  0.661842  1\n  Ca  Ca6  1  0.000000  0.000000  0.995980  1\n  Sn  Sn7  1  0.333333  0.666667  0.495568  1\n  Sn  Sn8  1  0.666667  0.333333  0.145608  1\n  Sn  Sn9  1  0.666667  0.333333  0.847826  1\n", "task_id": "mp-30477", "nelements": 3, "e_above_hull": 0, "is_compatible": true, "coord": 7.407792084481226, "potcar": null, "lengths_and_angles": [[4.92560695, 4.92560695, 10.81041007], [90.0, 90.0, 119.99999999999999]], "dos": {"GGA": {"oid": "565d794855d1236d04104ab1", "fs_id": "565c7b02507eb3157022f527", "task_id": "mp-988122"}}}, {"energy": -34.55516516, "elasticity": {"elastic_tensor": [[343.0, 65.0, 54.0, 18.0, 0.0, 0.0], [65.0, 343.0, 54.0, -18.0, -0.0, 0.0], [54.0, 54.0, 198.0, 0.0, 0.0, 0.0], [18.0, -18.0, 0.0, 103.0, 0.0, -0.0], [0.0, -0.0, 0.0, 0.0, 103.0, 18.0], [0.0, 0.0, 0.0, -0.0, 18.0, 139.0]], "compliance_tensor": [[3.2, -0.5, -0.7, -0.6, 0.0, -0.0], [-0.5, 3.2, -0.7, 0.6, 0.0, -0.0], [-0.7, -0.7, 5.5, -0.0, -0.0, 0.0], [-0.6, 0.6, -0.0, 9.9, -0.0, 0.0], [0.0, 0.0, -0.0, -0.0, 9.9, -1.2], [-0.0, -0.0, 0.0, 0.0, -1.2, 7.3]], "G_Voigt_Reuss_Hill": 113.0, "G_Reuss": 110.0, "elastic_tensor_original": [[343.51729585833664, 64.29453347232437, 54.22796849515234, -17.930017943333333, 0.0, 0.0], [63.85304273163478, 343.6976979299, 54.227937317352705, 18.593432976666666, 0.0, 0.0], [54.42801406349602, 54.63675904103052, 197.87032067554668, -0.13520684333333352, 0.0, 0.0], [-15.644598866381415, 15.93229862834525, 0.0, 103.42734281333338, 0.0, 0.0], [0.0, 0.0, 0.0, 0.0, 103.36197698000001, -17.984550800000005], [0.0, 0.0, 0.0, 0.0, -18.290508390000003, 138.7058075233333]], "K_Voigt_Reuss_Hill": 132.0, "K_Reuss": 128.0, "universal_anisotropy": 0.37, "K_VRH": 132.0, "elastic_tensor_orig_symmetrized": [[343.0769734577502, 64.6043115383476, 54.380169729257894, -17.581308349340834, 1.572815951552305e-16, 3.589721112954673e-15], [64.6043115383476, 343.0769734577502, 54.38016972925788, 17.58130834934083, -5.366077952354924e-16, 3.552713678800501e-15], [54.380169729257894, 54.38016972925788, 197.8703206755467, 3.469446951953614e-18, 0.0, 5.677051981723552e-16], [-17.581308349340834, 17.58130834934083, 3.469446951953614e-18, 103.39465989666665, 1.0801544843748918e-15, -5.325601071248798e-16], [1.572815951552305e-16, -5.366077952354924e-16, 0.0, 1.0801544843748918e-15, 103.39465989666671, -17.58130834934083], [3.589721112954673e-15, 3.552713678800501e-15, 5.677051981723552e-16, -5.325601071248798e-16, -17.58130834934083, 139.23633095970132]], "state": "successful", "G_VRH": 113.0, "homogeneous_poisson": 0.17, "K_Voigt": 137.0, "warnings": null, "poisson_ratio": 0.17, "G_Voigt": 117.0, "elastic_anisotropy": 0.37}, "unit_cell_formula": {"N": 2.0, "Zr": 1.0, "Li": 2.0}, "hubbards": {}, "energy_per_atom": -6.911033032000001, "band_gap": 1.5808, "density": 4.264133828478379, "incar": null, "kpoints": null, "nsites": 5, "icsd_id": 78790, "conventional_lattice": [[1.651090805, -2.8597731621697973, 0.0], [1.651090805, 2.8597731621697973, 0.0], [0.0, 0.0, 5.48942738]], "volrat": 0.10354301855420629, "elements": ["Li", "N", "Zr"], "pretty_formula": "Li2ZrN2", "volume": 51.83935442266531, "is_hubbard": false, "formation_energy_per_atom": -1.2567159989520007, "cif": "# generated using pymatgen\ndata_Li2ZrN2\n_symmetry_space_group_name_H-M   'P 1'\n_cell_length_a   3.30218161\n_cell_length_b   3.30218161\n_cell_length_c   5.48942738\n_cell_angle_alpha   90.00000000\n_cell_angle_beta   90.00000000\n_cell_angle_gamma   119.99999994\n_symmetry_Int_Tables_number   1\n_chemical_formula_structural   Li2ZrN2\n_chemical_formula_sum   'Li2 Zr1 N2'\n_cell_volume   51.8393544227\n_cell_formula_units_Z   1\nloop_\n _symmetry_equiv_pos_site_id\n _symmetry_equiv_pos_as_xyz\n  1  'x, y, z'\nloop_\n _atom_site_type_symbol\n _atom_site_label\n _atom_site_symmetry_multiplicity\n _atom_site_fract_x\n _atom_site_fract_y\n _atom_site_fract_z\n _atom_site_occupancy\n  Li  Li1  1  0.666667  0.333333  0.382839  1\n  Li  Li2  1  0.333333  0.666667  0.617161  1\n  N  N3  1  0.666667  0.333333  0.776375  1\n  N  N4  1  0.333333  0.666667  0.223625  1\n  Zr  Zr5  1  0.000000  0.000000  0.000000  1\n", "task_id": "mp-3216", "nelements": 3, "e_above_hull": 0, "is_compatible": true, "coord": 6.659885583533454, "potcar": null, "lengths_and_angles": [[3.30218161, 3.30218161, 5.48942738], [90.0, 90.0, 119.99999999999999]], "dos": {"GGA": {"oid": "5456f9c28250f42fa525cb0a", "fs_id": "524073f521bb9713c5cadd94", "task_id": "mp-656534"}}}, {"energy": -58.14673679, "elasticity": {"elastic_tensor": [[104.0, 25.0, 6.0, 0.0, 0.0, 0.0], [25.0, 104.0, 6.0, -0.0, -0.0, 0.0], [6.0, 6.0, 12.0, 0.0, -0.0, 0.0], [0.0, -0.0, 0.0, 4.0, 0.0, -0.0], [0.0, -0.0, -0.0, 0.0, 4.0, 0.0], [0.0, 0.0, 0.0, -0.0, 0.0, 40.0]], "compliance_tensor": [[10.4, -2.3, -3.8, -1.2, 0.0, -0.0], [-2.3, 10.4, -3.8, 1.2, 0.0, -0.0], [-3.8, -3.8, 86.7, 0.0, -0.0, 0.0], [-1.2, 1.2, 0.0, 282.9, -0.0, 0.0], [0.0, 0.0, -0.0, -0.0, 282.9, -2.4], [-0.0, -0.0, 0.0, 0.0, -2.4, 25.3]], "G_Voigt_Reuss_Hill": 14.0, "G_Reuss": 7.0, "elastic_tensor_original": [[103.48294642802655, 24.83690411288943, 3.4299920277448543, -0.27160803000000006, -0.052168303333333325, 0.014958043333332985], [24.697225343932498, 103.51520577011777, 3.429989547008809, 0.9000759833333334, -0.04915993999999999, 0.045190373333333214], [8.413815011815581, 7.460722059813441, 12.04073826022232, 0.6975259666666667, -0.16553715000000022, 0.05648371666666661], [0.1150285756392677, -0.4053646402739026, 0.0, 3.486578803333334, -0.030098616666666633, 0.04000571333333334], [0.0, 0.0, 0.0, 0.0, 3.5873294300000005, -0.44465923], [0.0, 0.0, 0.0, 0.0, -0.5441150000000001, 39.64166593000001]], "K_Voigt_Reuss_Hill": 22.0, "K_Reuss": 11.0, "universal_anisotropy": 12.94, "K_VRH": 22.0, "elastic_tensor_orig_symmetrized": [[103.63690622140685, 24.629234606076256, 5.683629661595669, -0.3286049071775202, 0.0, -5.782411586589357e-16], [24.629234606076256, 103.63690622140683, 5.683629661595669, 0.32860490717752033, -1.1564823173178716e-17, 9.066821367772111e-16], [5.683629661595669, 5.683629661595669, 12.040738260222314, 6.938893903907228e-18, 0.0, -7.382245065715916e-18], [-0.3286049071775202, 0.32860490717752033, 6.938893903907228e-18, 3.536954116666666, -1.2721305490496586e-17, -2.891205793294679e-18], [0.0, -1.1564823173178716e-17, 0.0, -1.2721305490496586e-17, 3.536954116666666, -0.3286049071775204], [-5.782411586589357e-16, 9.066821367772111e-16, -7.382245065715916e-18, -2.891205793294679e-18, -0.3286049071775204, 39.50383580766529]], "state": "successful", "G_VRH": 14.0, "homogeneous_poisson": 0.23, "K_Voigt": 32.0, "warnings": null, "poisson_ratio": 0.23, "G_Voigt": 22.0, "elastic_anisotropy": 12.94}, "unit_cell_formula": {"Ti": 3.0, "Se": 6.0, "Li": 1.0}, "hubbards": {}, "energy_per_atom": -5.814673679, "band_gap": 0.0, "density": 4.137400259864776, "incar": null, "kpoints": null, "nsites": 10, "icsd_id": 31343, "conventional_lattice": [[1.78856212, -3.097880464333103, 0.0], [1.78856212, 3.097880464333103, 0.0], [0.0, 0.0, 22.61088539]], "volrat": 0.1192588023900424, "elements": ["Li", "Se", "Ti"], "pretty_formula": "Li(TiSe2)3", "volume": 250.56260075065205, "is_hubbard": false, "formation_energy_per_atom": -1.16064692315625, "cif": "# generated using pymatgen\ndata_Li(TiSe2)3\n_symmetry_space_group_name_H-M   'P 1'\n_cell_length_a   3.57712424\n_cell_length_b   3.57712424\n_cell_length_c   22.61088539\n_cell_angle_alpha   90.00000000\n_cell_angle_beta   90.00000000\n_cell_angle_gamma   120.00000003\n_symmetry_Int_Tables_number   1\n_chemical_formula_structural   Li(TiSe2)3\n_chemical_formula_sum   'Li1 Ti3 Se6'\n_cell_volume   250.562600751\n_cell_formula_units_Z   1\nloop_\n _symmetry_equiv_pos_site_id\n _symmetry_equiv_pos_as_xyz\n  1  'x, y, z'\nloop_\n _atom_site_type_symbol\n _atom_site_label\n _atom_site_symmetry_multiplicity\n _atom_site_fract_x\n _atom_site_fract_y\n _atom_site_fract_z\n _atom_site_occupancy\n  Li  Li1  1  0.000000  0.000000  0.500000  1\n  Ti  Ti2  1  0.000000  0.000000  0.000000  1\n  Ti  Ti3  1  0.000000  0.000000  0.353059  1\n  Ti  Ti4  1  0.000000  0.000000  0.646941  1\n  Se  Se5  1  0.333333  0.666667  0.423958  1\n  Se  Se6  1  0.666667  0.333333  0.576042  1\n  Se  Se7  1  0.333333  0.666667  0.713461  1\n  Se  Se8  1  0.666667  0.333333  0.286539  1\n  Se  Se9  1  0.333333  0.666667  0.067910  1\n  Se  Se10  1  0.666667  0.333333  0.932090  1\n", "task_id": "mp-8132", "nelements": 3, "e_above_hull": 0, "is_compatible": true, "coord": 7.134062735542293, "potcar": null, "lengths_and_angles": [[3.57712424, 3.57712424, 22.61088539], [90.0, 90.0, 119.99999999999999]], "dos": {"GGA": {"oid": "57d67e32fc36a4279999d6dc", "fs_id": "57d636bb8192f344e1833d58", "task_id": "mp-1007034"}}}, {"energy": -48.03384112, "elasticity": {"elastic_tensor": [[55.0, 22.0, 19.0, 5.0, 0.0, 0.0], [22.0, 55.0, 19.0, -5.0, -0.0, 0.0], [19.0, 19.0, 136.0, -0.0, -0.0, 0.0], [5.0, -5.0, -0.0, 19.0, 0.0, -0.0], [0.0, -0.0, -0.0, 0.0, 19.0, 5.0], [0.0, 0.0, 0.0, -0.0, 5.0, 17.0]], "compliance_tensor": [[23.5, -9.5, -1.9, -9.1, -0.0, 0.0], [-9.5, 23.5, -1.9, 9.1, -0.0, 0.0], [-1.9, -1.9, 7.9, 0.0, 0.0, -0.0], [-9.1, 9.1, 0.0, 58.1, 0.0, -0.0], [-0.0, -0.0, 0.0, 0.0, 58.1, -18.2], [0.0, 0.0, -0.0, -0.0, -18.2, 66.0]], "G_Voigt_Reuss_Hill": 21.0, "G_Reuss": 18.0, "elastic_tensor_original": [[54.41151137017366, 21.714105994953826, 18.31211170337171, -5.145035646666668, 0.021044216666666594, 0.016593593333333306], [21.162425051384147, 55.201944999959494, 18.312113743285238, 5.079826883333336, 0.017973753333333346, 0.01640951333333344], [18.75775578367377, 19.3098955090628, 135.69495268954142, -0.019708363333333322, 0.05629743999999999, 0.019205913333333265], [-5.357812383530355, 5.231766264364776, 0.0, 18.791581403333335, 0.002887339999999971, 0.0], [0.0, 0.0, 0.0, 0.0, 18.84591305666667, -5.220794973333334], [0.0, 0.0, 0.0, 0.0, -5.116178373333334, 16.489763876666668]], "K_Voigt_Reuss_Hill": 38.0, "K_Reuss": 35.0, "universal_anisotropy": 1.5, "K_VRH": 38.0, "elastic_tensor_orig_symmetrized": [[54.70949445792552, 21.535499250310046, 18.672969184848377, -5.18604848390356, 1.1853943752508183e-17, 6.175615574477433e-16], [21.535499250310046, 54.70949445792553, 18.67296918484838, 5.1860484839035585, -2.2088812260771345e-16, 2.5442610980993204e-17], [18.672969184848377, 18.67296918484838, 135.69495268954142, 0.0, -9.637352644315594e-20, 5.62838482141307e-17], [-5.18604848390356, 5.1860484839035585, 0.0, 18.81874723000001, 4.98732999343332e-16, -2.9280686671591855e-16], [1.1853943752508183e-17, -2.2088812260771345e-16, -9.637352644315594e-20, 4.98732999343332e-16, 18.818747229999996, -5.1860484839035585], [6.175615574477433e-16, 2.5442610980993204e-17, 5.62838482141307e-17, -2.9280686671591855e-16, -5.1860484839035585, 16.586997603807724]], "state": "successful", "G_VRH": 21.0, "homogeneous_poisson": 0.27, "K_Voigt": 40.0, "warnings": null, "poisson_ratio": 0.27, "G_Voigt": 23.0, "elastic_anisotropy": 1.5}, "unit_cell_formula": {"S": 4.0, "Cu": 2.0, "Li": 6.0}, "hubbards": {}, "energy_per_atom": -4.002820093333333, "band_gap": 2.7548000000000004, "density": 2.514831413471231, "incar": null, "kpoints": null, "nsites": 12, "icsd_id": null, "conventional_lattice": [[3.319248565527251, -5.749107158443312, 0.0], [3.319248565527251, 5.749107158443312, 0.0], [0.0, 0.0, 15.415042915794727]], "volrat": 0.11859860506273023, "elements": ["Cu", "Li", "S"], "pretty_formula": "Li3CuS2", "volume": 196.10727614477514, "is_hubbard": false, "formation_energy_per_atom": -1.2104507330208338, "cif": "# generated using pymatgen\ndata_Li3CuS2\n_symmetry_space_group_name_H-M   'P 1'\n_cell_length_a   6.41034329\n_cell_length_b   6.41034329\n_cell_length_c   6.41034291\n_cell_angle_alpha   62.36902433\n_cell_angle_beta   62.36902433\n_cell_angle_gamma   62.36903382\n_symmetry_Int_Tables_number   1\n_chemical_formula_structural   Li3CuS2\n_chemical_formula_sum   'Li6 Cu2 S4'\n_cell_volume   196.107276145\n_cell_formula_units_Z   2\nloop_\n _symmetry_equiv_pos_site_id\n _symmetry_equiv_pos_as_xyz\n  1  'x, y, z'\nloop_\n _atom_site_type_symbol\n _atom_site_label\n _atom_site_symmetry_multiplicity\n _atom_site_fract_x\n _atom_site_fract_y\n _atom_site_fract_z\n _atom_site_occupancy\n  Li  Li1  1  0.250000  0.973211  0.526789  1\n  Li  Li2  1  0.026789  0.473211  0.750000  1\n  Li  Li3  1  0.473211  0.750000  0.026789  1\n  Li  Li4  1  0.526789  0.250000  0.973211  1\n  Li  Li5  1  0.973211  0.526789  0.250000  1\n  Li  Li6  1  0.750000  0.026789  0.473211  1\n  Cu  Cu7  1  0.000000  0.000000  0.000000  1\n  Cu  Cu8  1  0.500000  0.500000  0.500000  1\n  S  S9  1  0.362009  0.362009  0.362009  1\n  S  S10  1  0.637991  0.637991  0.637991  1\n  S  S11  1  0.137991  0.137991  0.137991  1\n  S  S12  1  0.862009  0.862009  0.862009  1\n", "task_id": "mp-867700", "nelements": 3, "e_above_hull": 0.04980236958333162, "is_compatible": true, "coord": 7.115010495180009, "potcar": null, "lengths_and_angles": [[6.638497131054502, 6.638497131054502, 15.415042915794727], [90.0, 90.0, 120.00000000000001]], "dos": {"GGA": {"oid": "59110b950750790cdfebff4d", "fs_id": "544550f217244e799b619de4", "task_id": "mp-868050"}}}, {"energy": -24.00490278, "elasticity": {"elastic_tensor": [[244.0, 109.0, 68.0, -11.0, 0.0, 0.0], [109.0, 244.0, 68.0, 11.0, 0.0, 0.0], [68.0, 68.0, 155.0, -0.0, 0.0, 0.0], [-11.0, 11.0, -0.0, 32.0, 0.0, 0.0], [0.0, 0.0, 0.0, 0.0, 32.0, -11.0], [0.0, 0.0, 0.0, 0.0, -11.0, 67.0]], "compliance_tensor": [[5.6, -2.2, -1.5, 2.6, 0.0, 0.0], [-2.2, 5.6, -1.5, -2.6, 0.0, 0.0], [-1.5, -1.5, 7.8, 0.0, 0.0, 0.0], [2.6, -2.6, 0.0, 32.7, 0.0, 0.0], [0.0, 0.0, 0.0, 0.0, 32.7, 5.2], [0.0, 0.0, 0.0, 0.0, 5.2, 15.7]], "G_Voigt_Reuss_Hill": 48.0, "G_Reuss": 44.0, "elastic_tensor_original": [[242.7808593411669, 109.58061021786784, 67.37437757432629, 10.494665523333337, 0.0, 0.0], [110.57240777790656, 243.45358430491393, 67.37435217536918, -10.22431879, 0.0, 0.0], [69.14038464776154, 69.10972468794883, 155.14231587987354, -0.16342240999999802, 0.0, 0.0], [12.4141223883366, -11.70580044859752, 0.0, 32.234805603333335, 0.0, 0.0], [0.0, 0.0, 0.0, 0.0, 32.43421731000001, 10.272820333333335], [0.0, 0.0, 0.0, 0.0, 10.215360723333333, 68.06995357666668]], "K_Voigt_Reuss_Hill": 121.0, "K_Reuss": 116.0, "universal_anisotropy": 1.07, "K_VRH": 121.0, "elastic_tensor_orig_symmetrized": [[243.89202040508533, 109.30171041584217, 68.24970977135146, 10.7269086579501, -7.632783294297951e-17, -3.1826393372587822e-15], [109.30171041584217, 243.89202040508528, 68.24970977135146, -10.726908657950094, -1.6653345369377348e-16, -3.2381504884900396e-15], [68.24970977135146, 68.24970977135146, 155.14231587987345, 0.0, 0.0, -8.927975727058188e-16], [10.7269086579501, -10.726908657950094, 0.0, 32.33451145666668, -4.255854927729767e-16, -2.058538524825811e-16], [-7.632783294297951e-17, -1.6653345369377348e-16, 0.0, -4.255854927729767e-16, 32.33451145666668, 10.726908657950101], [-3.1826393372587822e-15, -3.2381504884900396e-15, -8.927975727058188e-16, -2.058538524825811e-16, 10.726908657950101, 67.29515499462163]], "state": "successful", "G_VRH": 48.0, "homogeneous_poisson": 0.32, "K_Voigt": 126.0, "warnings": null, "poisson_ratio": 0.32, "G_Voigt": 53.0, "elastic_anisotropy": 1.07}, "unit_cell_formula": {"Rh": 1.0, "O": 2.0, "Li": 1.0}, "hubbards": {}, "energy_per_atom": -6.001225695, "band_gap": 1.513, "density": 5.991561030991809, "incar": null, "kpoints": null, "nsites": 4, "icsd_id": 29213, "conventional_lattice": [[1.5471439966054723, -2.6797320087458485, 0.0], [1.5471439966054723, 2.6797320087458485, 0.0], [0.0, 0.0, 14.223064534846841]], "volrat": 0.09583126230396319, "elements": ["Li", "O", "Rh"], "pretty_formula": "LiRhO2", "volume": 39.311898884543524, "is_hubbard": false, "formation_energy_per_atom": -1.570079985625, "cif": "# generated using pymatgen\ndata_LiRhO2\n_symmetry_space_group_name_H-M   'P 1'\n_cell_length_a   5.06644100\n_cell_length_b   5.06644099\n_cell_length_c   5.06644100\n_cell_angle_alpha   35.56096735\n_cell_angle_beta   35.56096740\n_cell_angle_gamma   35.56096738